500.0 500.0 2000.0 5.1208239 4.6360164 5.6504597 4.9901601 4.497413 5.5396944 5.2809121 4.8021195 5.7922763 5.1139868 5.1403424 5.1078906 5.1125247 5.1089534 5.0967845 5.1111851 5.1402603 5.1542421 5.1239774 5.1201481 5.1465628 5.1182911 5.1191932 5.1112754 5.1171751 5.1453222 5.1445332 5.1166282 5.1328597 5.1185999 5.1093649 5.1317031 5.1289901 5.0975239 5.1426409 5.1085209 5.1331517 5.1366544 5.1176546 5.1001202 5.1371142 5.1190903 5.1374079 5.1158894 5.1119678 5.120358 5.1270233 5.1252431 5.1184322 5.2039843 5.3805389
500.0 500.0 100000.0 5.8045379 5.1752674 6.5360607 5.6339897 5.0052156 6.3736197 6.0093518 5.3766336 6.7358302 5.7964123 5.8268808 5.7898579 5.7950506 5.7914744 5.7766142 5.7941147 5.8263102 5.8423855 5.8083624 5.8036436 5.8333909 5.801934 5.8026333 5.7939454 5.8004905 5.8325379 5.831768 5.799848 5.8181093 5.801998 5.7912113 5.8168686 5.8136358 5.7774996 5.8296039 5.7904366 5.8186316 5.8223727 5.8009612 5.7812931 5.8231018 5.8025671 5.8227565 5.7989182 5.794362 5.8039983 5.8115331 5.8094528 5.8019319 5.9020519 6.108095
500.0 600.0 2000.0 3.5724069 3.275162 3.874495 3.4962328 3.187382 3.8213996 3.6674952 3.3812804 3.946462 3.5694166 3.5875944 3.5796084 3.5657341 3.570025 3.5549029 3.5689926 3.5858616 3.5943684 3.5744731 3.5719612 3.5864605 3.5718878 3.5736142 3.5676287 3.5696425 3.5913377 3.5916509 3.5681568 3.5811909 3.5707848 3.5644312 3.5801615 3.5771002 3.5544257 3.5889813 3.5635006 3.5831463 3.5845455 3.571955 3.5646195 3.5847034 3.5719922 3.5773324 3.5687457 3.5658536 3.571873 3.5771022 3.5748322 3.5707638 3.630853 3.7505469
500.0 600.0 100000.0 4.0931132 3.6861044 4.5485328 3.9866054 3.5743676 4.4562001 4.2222293 3.8191007 4.6645097 4.0883707 4.1102691 4.0995391 4.0854819 4.0890855 4.0720116 4.0877275 4.1083427 4.1186221 4.0957248 4.0923626 4.1105197 4.0924199 4.0932146 4.0872697 4.0900355 4.1145553 4.1145795 4.0889166 4.102961 4.091209 4.0834876 4.102051 4.0987702 4.0723723 4.1117963 4.0825557 4.1048632 4.1067638 4.0918497 4.0824171 4.107027 4.0923775 4.1016765 4.0889835 4.0855957 4.0924768 4.0983754 4.0960529 4.0911727 4.1624569 4.3044819
500.0 700.0 2000.0 2.5251439 2.3472264 2.6857183 2.4859938 2.2944451 2.671042 2.5755734 2.4116713 2.7104523 2.5231681 2.5367467 2.5411764 2.5197382 2.5259379 2.511036 2.5229699 2.5340975 2.5400431 2.5266887 2.5245063 2.5338613 2.5255212 2.5263688 2.522667 2.5230098 2.5395786 2.5399922 2.522035 2.5313374 2.5238114 2.5188687 2.5308182 2.5282404 2.5111082 2.5372832 2.5182774 2.5337438 2.5342761 2.5252191 2.5226935 2.5342327 2.5250432 2.5273432 2.5224709 2.520238 2.5246045 2.5286333 2.5265346 2.523967 2.5668197 2.6488461
500.0 700.0 100000.0 2.9126932 2.6529719 3.1875682 2.8497446 2.581415 3.1420751 2.989945 2.7385777 3.2470346 2.9094073 2.925862 2.924499 2.9066737 2.9125213 2.8959981 2.9097095 2.9229031 2.9302252 2.914739 2.9119024 2.9235608 2.9130004 2.9132352 2.9094834 2.9103123 2.9289143 2.9292949 2.9094093 2.9196997 2.9112068 2.9052412 2.9191964 2.9164597 2.8965676 2.9265577 2.9047495 2.9220115 2.9228993 2.9123523 2.9078775 2.9228086 2.9124027 2.9167375 2.9096298 2.9069839 2.9121512 2.9165917 2.9143884 2.9113337 2.962766 3.061154
500.0 800.0 2000.0 1.8790257 1.761714 1.9737026 1.8569892 1.7268193 1.9739724 1.9081727 1.8044763 1.9789256 1.8776287 1.8883749 1.8948506 1.8745307 1.8815524 1.8678447 1.8778944 1.8852683 1.8898159 1.8799417 1.8784426 1.8847065 1.8796771 1.8801363 1.8777176 1.8772618 1.8903607 1.8907943 1.8765491 1.8836734 1.8779978 1.8741389 1.8833298 1.8809917 1.8679511 1.888479 1.8736246 1.8860503 1.8861353 1.8795714 1.8790462 1.885995 1.8791134 1.8796517 1.8770149 1.8753075 1.8785269 1.8817467 1.8798686 1.8780866 1.9103444 1.9695746
500.0 800.0 100000.0 2.1799246 1.9989622 2.3635713 2.1388064 1.9490178 2.339125 2.2306383 2.0587354 2.3967275 2.1783175 2.1906807 2.1961795 2.174801 2.1817994 2.1671189 2.1785531 2.1872538 2.1926318 2.1810819 2.1792967 2.1868844 2.1805944 2.1809965 2.1782257 2.1779505 2.1929516 2.1933082 2.1772185 2.1853197 2.1787596 2.1742644 2.1848959 2.1823785 2.1672233 2.190814 2.1736661 2.1878847 2.1880039 2.1804344 2.1793048 2.1881087 2.1799755 2.1808911 2.1776116 2.1756317 2.1793427 2.1830299 2.1810116 2.1787685 2.2176537 2.2897179
500.0 900.0 2000.0 1.4503169 1.3664243 1.5124461 1.4358336 1.3408384 1.5169859 1.4697114 1.3977487 1.5111996 1.4495381 1.4578711 1.4634826 1.4466413 1.4529307 1.4415524 1.4499893 1.4549327 1.4584024 1.4508855 1.4498787 1.4542142 1.4509717 1.4514729 1.449452 1.4488732 1.459181 1.4596089 1.4481801 1.4539713 1.4495293 1.4463967 1.4536205 1.4518093 1.4416791 1.457513 1.4461878 1.455954 1.4558367 1.4510352 1.4510686 1.4558817 1.450482 1.449725 1.4487314 1.4474202 1.4499653 1.4524779 1.450891 1.4495387 1.4745576 1.5192984
500.0 900.0 100000.0 1.6840601 1.5506714 1.815387 1.6550537 1.5136407 1.8010996 1.7199325 1.5949806 1.8355026 1.6822308 1.6925083 1.6960917 1.6799829 1.6861179 1.673835 1.6831041 1.6894202 1.6937269 1.6849052 1.6836162 1.6892945 1.6846442 1.68529 1.6828314 1.6824891 1.6940464 1.6944062 1.6819012 1.6882094 1.6831791 1.6795148 1.6879139 1.685807 1.674249 1.6918288 1.6792913 1.690236 1.6902782 1.6846237 1.6835246 1.6903806 1.6841764 1.6845985 1.6822374 1.6806459 1.6836938 1.6864968 1.6848144 1.6831317 1.7133048 1.7679782
500.0 1000.0 2000.0 1.1490472 1.0852449 1.1938886 1.1387237 1.0655403 1.1995384 1.1629816 1.1093481 1.1903649 1.1487938 1.155314 1.161359 1.1459521 1.1515454 1.1422967 1.1490124 1.1526733 1.1553168 1.1492703 1.1487492 1.1516678 1.1496675 1.1504304 1.1485402 1.1478449 1.1562459 1.1566114 1.1472061 1.1520467 1.1484317 1.1460072 1.1516654 1.1502258 1.1421858 1.1550881 1.1457782 1.1537606 1.1535012 1.1498929 1.1503437 1.1535925 1.1492947 1.147731 1.1477868 1.1467643 1.1487597 1.1508464 1.1494677 1.1483492 1.1682185 1.2031269
500.0 1000.0 100000.0 1.332363 1.2298471 1.431302 1.3100272 1.2006678 1.4213932 1.3599343 1.2647062 1.4454411 1.3317268 1.3393726 1.3443994 1.328901 1.3346359 1.3242365 1.3316194 1.3365872 1.3401679 1.3327783 1.3319464 1.3362864 1.3330108 1.3328864 1.3315567 1.3310947 1.3406516 1.340783 1.3306918 1.3357493 1.33168 1.3287833 1.335464 1.333906 1.3243661 1.3393237 1.3284015 1.3375063 1.3373355 1.332983 1.332763 1.3375871 1.332519 1.332672 1.3309329 1.329745 1.3319632 1.3343467 1.3329838 1.3314986 1.3555144 1.3981639
500.0 1100.0 2000.0 0.92782884 0.87723484 0.96251574 0.91950203 0.86113823 0.96740699 0.93899675 0.89687207 0.95916614 0.92763498 0.93295731 0.93763988 0.92530564 0.93021219 0.92240566 0.92801279 0.93071501 0.93295054 0.92794327 0.92760758 0.93001886 0.92834367 0.92895355 0.92740466 0.92686836 0.93364562 0.93389411 0.92635493 0.93027263 0.92737406 0.92537919 0.92996292 0.92878179 0.92230148 0.93268107 0.92520539 0.93163041 0.93136117 0.92858886 0.9287863 0.93158831 0.92806711 0.92685012 0.92681193 0.92601129 0.92760633 0.92927277 0.92819395 0.92722366 0.94331915 0.97116731
500.0 1100.0 100000.0 1.0714913 0.99037589 1.1488732 1.0538879 0.96697362 1.1417308 1.0931726 1.0182926 1.1591619 1.0707881 1.0771246 1.0801849 1.068714 1.0732191 1.0649539 1.070882 1.0748728 1.0776359 1.0718104 1.0711619 1.0745281 1.0720335 1.0721105 1.0707552 1.0704933 1.0779864 1.0781139 1.0700646 1.0742163 1.0709488 1.0685595 1.0739221 1.0727843 1.0651249 1.0770802 1.068388 1.075524 1.0753587 1.071965 1.0716515 1.0756393 1.0716231 1.0714441 1.0703354 1.0693757 1.0712582 1.0730748 1.072001 1.0707852 1.0901018 1.1239986
500.0 1200.0 2000.0 0.75867148 0.71764947 0.78646203 0.75139512 0.70399069 0.79006635 0.76830725 0.73426683 0.78410799 0.75838409 0.76278964 0.76657404 0.75659995 0.76035561 0.75411912 0.75851935 0.76106831 0.76288261 0.75873848 0.7584763 0.76050215 0.75910325 0.75924464 0.75826797 0.7579349 0.76337031 0.76351172 0.75751302 0.76066912 0.75829185 0.75668346 0.76038598 0.75947522 0.75419968 0.76268876 0.75647646 0.76171576 0.76146548 0.75921746 0.75940518 0.76171211 0.75886388 0.75803628 0.75785055 0.75722571 0.75850309 0.75984704 0.75900325 0.7581279 0.77131663 0.79387338
500.0 1200.0 100000.0 0.87620494 0.81028523 0.93880588 0.86140907 0.79069941 0.93266421 0.89439297 0.83364364 0.94753627 0.87563966 0.88085283 0.8834608 0.87390405 0.8777749 0.87097263 0.87580885 0.87895664 0.88133317 0.87639609 0.87598335 0.87860516 0.87666591 0.87683043 0.87561061 0.87541729 0.88152212 0.88159725 0.87503989 0.87847214 0.87579647 0.87384653 0.87819223 0.87727104 0.871034 0.88089133 0.87366948 0.87948351 0.87931075 0.87665173 0.87629025 0.87963284 0.87636207 0.87610326 0.87525148 0.87450993 0.87603692 0.87751086 0.87662861 0.87557227 0.89143068 0.91889662
500.0 1300.0 2000.0 0.62810133 0.59408712 0.65119495 0.62182806 0.58250238 0.65398804 0.63636327 0.608174 0.64944183 0.62783294 0.63151453 0.63451761 0.62636355 0.62963152 0.62438594 0.62790281 0.63011054 0.63170179 0.62811405 0.62796112 0.6297179 0.62844711 0.62868481 0.62774248 0.62753293 0.63199304 0.6320329 0.62722099 0.62976306 0.6277908 0.62647905 0.62952851 0.62881256 0.62442244 0.63144321 0.62624446 0.63058571 0.63037834 0.62852329 0.62862282 0.6306589 0.62826857 0.62781897 0.62743461 0.6269452 0.6279526 0.62907547 0.62839603 0.62760927 0.63856438 0.65710673
500.0 1300.0 100000.0 0.72132579 0.66758702 0.77199121 0.70883555 0.6511026 0.76672545 0.73666662 0.68725249 0.7794147 0.72088363 0.72521595 0.72689007 0.71941185 0.72247041 0.71705865 0.72097547 0.72363789 0.72562662 0.7214431 0.72115645 0.72344128 0.72167944 0.72185142 0.72081431 0.72066777 0.72568897 0.72569067 0.72038684 0.72320785 0.7210004 0.71940656 0.72298705 0.72225392 0.71714538 0.7251927 0.71925271 0.72401615 0.72387281 0.721672 0.72118072 0.72420883 0.72146208 0.72139564 0.7205471 0.71993058 0.72119976 0.72240479 0.72170124 0.72076407 0.7338499 0.7562529
500.0 1400.0 2000.0 0.52243716 0.49436044 0.54129156 0.51696739 0.4844459 0.54342021 0.52960115 0.50640993 0.54004338 0.52233219 0.52532595 0.52801333 0.52097955 0.52372093 0.51946275 0.52247506 0.52413491 0.5255061 0.52241563 0.52233961 0.52380137 0.52273495 0.52296144 0.52215146 0.5219791 0.52571387 0.52570758 0.52171915 0.52383973 0.52220464 0.52113097 0.52364327 0.52303206 0.5193734 0.52538364 0.52088795 0.5245107 0.52430933 0.52281994 0.52280128 0.5246063 0.52260489 0.52218117 0.52188378 0.5214832 0.52230511 0.5232461 0.52270928 0.52199939 0.53113335 0.54645096
500.0 1400.0 100000.0 0.60159607 0.55678165 0.64384436 0.59067124 0.5425647 0.63890716 0.61500777 0.57375884 0.65068862 0.60141155 0.60482141 0.60627491 0.59997337 0.60271073 0.59809302 0.60131671 0.60355303 0.60520579 0.60167845 0.60150914 0.60340266 0.60189406 0.60222118 0.60118626 0.60111095 0.60529652 0.60518976 0.60093266 0.60318821 0.60130807 0.60008231 0.60299202 0.60239921 0.5981236 0.6046652 0.5998124 0.6038877 0.60369002 0.60193965 0.60174219 0.6040922 0.60174042 0.60145359 0.60095554 0.60047273 0.60144957 0.60249693 0.60194329 0.60108131 0.61206395 0.63066265
500.0 1500.0 2000.0 0.43888057 0.41528744 0.45473077 0.43403494 0.40670843 0.45628059 0.44519212 0.42570987 0.45394911 0.43864654 0.44123441 0.44262523 0.4377051 0.43980213 0.43634186 0.43873002 0.44033646 0.44145257 0.43891227 0.438808 0.44011992 0.43910376 0.43932906 0.43856484 0.43852025 0.44153065 0.44149709 0.43830963 0.44005233 0.43868317 0.43777411 0.43987098 0.43944283 0.43638323 0.44122344 0.43760545 0.44052783 0.44038381 0.43911332 0.43897764 0.4406845 0.43900546 0.438808 0.43841123 0.43808401 0.43880742 0.439542 0.43912223 0.4385004 0.44619627 0.4589937
500.0 1500.0 100000.0 0.50321583 0.46605132 0.53802659 0.4940034 0.45402623 0.53392337 0.51452278 0.48041594 0.54371164 0.50291525 0.50589601 0.50690503 0.50188083 0.50403403 0.50026218 0.50292803 0.50490257 0.5062908 0.50330277 0.5031273 0.5047554 0.50345244 0.50355671 0.50282611 0.50281189 0.50623816 0.5061599 0.50262925 0.50455265 0.50299493 0.50194201 0.50437757 0.50388889 0.50033836 0.5059193 0.50174333 0.50506366 0.50492303 0.50343979 0.50308988 0.50526764 0.50333714 0.50327626 0.50268529 0.50226501 0.50312071 0.50395719 0.50353205 0.50277191 0.51194025 0.52739308
500.0 1600.0 2000.0 0.37173206 0.35166899 0.38528825 0.36727843 0.34409041 0.38620865 0.37751587 0.36089105 0.38511309 0.37150125 0.3736905 0.37489876 0.37073996 0.37240769 0.36957578 0.37147702 0.37301314 0.37398766 0.37177209 0.37167779 0.37286082 0.37190493 0.37203273 0.37144689 0.37145153 0.37396885 0.373886 0.37130793 0.37272658 0.37156241 0.37083006 0.3725952 0.37221442 0.36963909 0.3736952 0.37063366 0.37310939 0.37299257 0.37190266 0.3717537 0.37327444 0.37183375 0.37175569 0.37134622 0.37104786 0.3716566 0.37228236 0.37197515 0.3713856 0.37791053 0.38873025
500.0 1600.0 100000.0 0.42472433 0.39346259 0.45393117 0.41665292 0.38303097 0.45016495 0.4346363 0.40594012 0.45910382 0.42444263 0.42696341 0.42736826 0.42361537 0.42533232 0.42223895 0.42444927 0.42617578 0.42741676 0.42480778 0.4246498 0.42610341 0.42492829 0.42490798 0.42436652 0.4244108 0.42724979 0.42716005 0.42423841 0.42585882 0.42455071 0.42365871 0.425701 0.42532985 0.42230704 0.42714299 0.42346953 0.42622103 0.42612057 0.42486078 0.42440117 0.42643013 0.42483141 0.42499963 0.42427469 0.42391925 0.42466655 0.42534126 0.42500997 0.4243291 0.43211158 0.44505322
500.0 1700.0 2000.0 0.31656931 0.29946507 0.32814415 0.31254331 0.29279421 0.32867996 0.32179135 0.30759593 0.32830757 0.31631031 0.3182077 0.31891078 0.31574677 0.31702032 0.31470788 0.31630987 0.31769163 0.31854021 0.31663329 0.31653075 0.31760209 0.31669527 0.31667951 0.31630091 0.31634805 0.3184469 0.31835703 0.31622926 0.31742591 0.31643786 0.3158233 0.31730104 0.31698291 0.31480866 0.31826279 0.31562761 0.31770103 0.31760986 0.31668224 0.31640393 0.31787086 0.31666137 0.31671961 0.3162429 0.31597767 0.31651188 0.31702759 0.31679799 0.31625972 0.32182984 0.33101178
500.0 1700.0 100000.0 0.36062472 0.33419973 0.38522834 0.35354391 0.32512039 0.38180587 0.36934242 0.34508661 0.38992132 0.36037585 0.36251306 0.36284362 0.35969096 0.36102715 0.35857273 0.36036424 0.36189312 0.36294114 0.36070905 0.36058596 0.36184867 0.36078756 0.36077291 0.36032007 0.36037469 0.36277826 0.36266135 0.36024229 0.3615906 0.36048253 0.35976598 0.3614764 0.36113517 0.35860753 0.36264444 0.35956564 0.36189393 0.36180517 0.36074436 0.3603156 0.36211516 0.36071978 0.36086359 0.36024101 0.35992874 0.36056782 0.36114423 0.3608838 0.36027244 0.36687909 0.37784854
500.0 1800.0 2000.0 0.27103571 0.25637867 0.28096704 0.26738702 0.25048131 0.28120862 0.27576005 0.26357534 0.28137687 0.27089075 0.27244213 0.27299684 0.27033138 0.27131756 0.26951097 0.27075896 0.27203052 0.27277775 0.27108859 0.27101792 0.27192639 0.27114936 0.27113433 0.27080728 0.27085875 0.27266183 0.27255306 0.27074541 0.27177919 0.27092432 0.27042647 0.27167306 0.2714203 0.26954503 0.27256697 0.27023097 0.27199856 0.27192668 0.27112829 0.27086962 0.27217562 0.27111844 0.27113849 0.27075264 0.27052024 0.27099257 0.27143012 0.27124089 0.27075665 0.27553892 0.28339023
500.0 1800.0 100000.0 0.30806862 0.28558069 0.32894514 0.30186205 0.27766647 0.32587264 0.31571812 0.29508381 0.33314495 0.30787567 0.30967838 0.30992188 0.30727633 0.30836147 0.30629445 0.30775744 0.30917335 0.31012138 0.30814674 0.30802738 0.30919403 0.30821167 0.30804247 0.30779579 0.30786066 0.3099101 0.30978671 0.30776238 0.30890238 0.30795574 0.3073455 0.30879633 0.30854316 0.3063376 0.30993025 0.30715081 0.30912359 0.30905413 0.30814401 0.3076891 0.30933751 0.30814945 0.30842139 0.30774341 0.30747713 0.30802147 0.30850486 0.30830759 0.30775672 0.31341318 0.32273438
500.0 1900.0 2000.0 0.23302924 0.22047235 0.24149416 0.22976455 0.21527537 0.24157917 0.23725758 0.22682475 0.2420069 0.23290454 0.23422387 0.23463318 0.23243453 0.23319441 0.23170556 0.2327165 0.23390605 0.23459703 0.23309056 0.23300822 0.23388664 0.23312567 0.23301008 0.2328227 0.23288509 0.23442982 0.23431114 0.23281187 0.23366795 0.23294047 0.23252153 0.23358659 0.23338269 0.23174331 0.23443821 0.23232705 0.233831 0.23377958 0.23308196 0.23278575 0.2340101 0.23309198 0.23331523 0.23278886 0.2325787 0.23298659 0.23335889 0.23322486 0.23278141 0.23689755 0.24362989
500.0 1900.0 100000.0 0.264839 0.24554894 0.28271653 0.25930378 0.23856216 0.27985894 0.27168238 0.25396269 0.28661836 0.26463773 0.26621224 0.2662837 0.26416356 0.26495283 0.26337577 0.26454092 0.26581602 0.26662801 0.26492057 0.26483499 0.26576542 0.26494249 0.26489943 0.26460196 0.2646776 0.26641594 0.26629272 0.26457315 0.26556724 0.26475199 0.26425741 0.2654711 0.26522815 0.2633862 0.26638697 0.26405558 0.26572821 0.26568774 0.26491605 0.26440993 0.2659583 0.26492145 0.26502768 0.26456252 0.26431284 0.26479891 0.26521178 0.26505279 0.26455665 0.26942492 0.277431
500.0 2000.0 2000.0 0.20147958 0.19063434 0.20877938 0.1985317 0.18602282 0.20872267 0.2053036 0.1962848 0.2093986 0.20133503 0.20249813 0.20268597 0.2009792 0.2016264 0.20037218 0.2012791 0.20225752 0.20285387 0.20155607 0.20148181 0.20221657 0.20154881 0.20151911 0.20128961 0.20136945 0.20267187 0.202562 0.20130527 0.20203784 0.20140667 0.20106053 0.20195927 0.20177334 0.20038898 0.20262765 0.2008736 0.20216215 0.20211916 0.20151981 0.20123366 0.20233208 0.20154268 0.20167949 0.20127038 0.20107746 0.20144775 0.20176071 0.20165414 0.20125427 0.20482094 0.21064493
500.0 2000.0 100000.0 0.22855404 0.21198598 0.24385204 0.22363748 0.20582188 0.24124512 0.23464974 0.21942797 0.24741397 0.22844098 0.22973127 0.22969854 0.2279855 0.2286708 0.22731373 0.22836475 0.22942294 0.23015664 0.22865039 0.22855637 0.22941625 0.2286404 0.22857908 0.22833957 0.22842654 0.22991462 0.22978671 0.2283634 0.22918961 0.22847992 0.22806965 0.22910144 0.22891438 0.22730806 0.2299213 0.22787077 0.22931335 0.22927313 0.22860187 0.22817748 0.22952336 0.22862656 0.22882263 0.22831249 0.22808844 0.22852062 0.22887106 0.22875514 0.22829593 0.23250522 0.23942306
500.0 2100.0 2000.0 0.17529331 0.16582996 0.18168988 0.1725563 0.16166843 0.18143961 0.17884651 0.17094257 0.18249171 0.175189 0.17616577 0.17619677 0.17486731 0.17534082 0.17434173 0.17503951 0.17599543 0.17653092 0.1753803 0.17529553 0.17601189 0.1753412 0.17532429 0.17511137 0.17520915 0.17632414 0.17619749 0.17518228 0.17578177 0.17523103 0.17494616 0.17571539 0.17557251 0.17435087 0.17633358 0.1747556 0.17585835 0.1758376 0.17529788 0.17498362 0.17603723 0.17534065 0.17557896 0.17511836 0.17493105 0.1752638 0.17552765 0.17546875 0.17508886 0.17819381 0.18328178
500.0 2100.0 100000.0 0.19825099 0.18392873 0.2114399 0.1938562 0.17846028 0.2090414 0.20371886 0.1905508 0.21472287 0.19820452 0.19928844 0.19910641 0.19775584 0.19834161 0.19723068 0.19807878 0.19903841 0.19965547 0.19834052 0.19826924 0.19898901 0.19831659 0.19832468 0.19807222 0.19814212 0.19942984 0.19932475 0.19806931 0.19882135 0.19819604 0.19785581 0.19872533 0.19855809 0.19717729 0.19949562 0.19766421 0.1989086 0.19888253 0.19831032 0.19787339 0.19909688 0.19832317 0.19841201 0.19804645 0.19782117 0.19822258 0.19852317 0.1984385 0.1980189 0.20166764 0.20767129
500.0 2200.0 2000.0 0.15288695 0.14465936 0.1584229 0.15041649 0.14094932 0.15812099 0.15610126 0.14922859 0.15924002 0.15285478 0.15365479 0.15354977 0.15252098 0.15290917 0.15209902 0.15269445 0.15351777 0.15401025 0.15296985 0.15289875 0.15350674 0.15293556 0.15287371 0.15273567 0.15281656 0.15379558 0.15368843 0.15277136 0.15332236 0.15284264 0.15260526 0.15326098 0.15313612 0.15206626 0.15388367 0.15242756 0.15337517 0.15336112 0.15290135 0.152575 0.15353537 0.15293462 0.15313745 0.15272961 0.15255285 0.1528634 0.15309083 0.15304438 0.15270254 0.1554179 0.15984921
500.0 2200.0 100000.0 0.17238575 0.16003416 0.18368599 0.16853716 0.15523748 0.1815985 0.17717759 0.16584724 0.18654702 0.17232379 0.1732522 0.17300867 0.17197144 0.17239482 0.17146459 0.17216366 0.17307105 0.17362754 0.17248691 0.17239738 0.17308833 0.17244329 0.17239962 0.17220967 0.1723039 0.17340342 0.17327623 0.17226898 0.17286799 0.17233222 0.17204931 0.17280916 0.17268524 0.17146103 0.17343689 0.1718694 0.17293554 0.1729171 0.1724002 0.17202523 0.17312551 0.17243568 0.17264172 0.17220417 0.17201538 0.17236389 0.17261652 0.17255555 0.17218152 0.17536804 0.18056293
500.0 2300.0 2000.0 0.13418937 0.12694514 0.13908587 0.13190312 0.12358678 0.13868301 0.13717034 0.1310938 0.13998986 0.13415361 0.13485075 0.134632 0.13387561 0.13412242 0.13350684 0.13401529 0.13476208 0.13519953 0.13428379 0.1342086 0.13475994 0.13421605 0.13418892 0.13404152 0.13413622 0.13497432 0.13486215 0.13411593 0.13457701 0.13414923 0.13394936 0.13451468 0.13441297 0.1334802 0.13501608 0.13377639 0.13460526 0.13459903 0.13418729 0.13387216 0.13476266 0.1342318 0.13440969 0.13405543 0.13388397 0.13416829 0.13436319 0.13434058 0.13401763 0.13640256 0.14030819
500.0 2300.0 100000.0 0.15118656 0.14034353 0.16111423 0.14767116 0.13601612 0.15911864 0.15558403 0.14560899 0.16385364 0.1511499 0.15195109 0.15165615 0.15082622 0.15114644 0.15040182 0.15099607 0.15181433 0.15232158 0.15128724 0.15120276 0.15182287 0.15122939 0.15117538 0.15103003 0.15112246 0.15208416 0.15196216 0.15110091 0.1516201 0.15114506 0.15090745 0.15155566 0.1514445 0.15036955 0.15217046 0.15072064 0.15165732 0.15165 0.15119583 0.15081242 0.1518356 0.15123237 0.15142985 0.15103455 0.15084882 0.15115968 0.15138218 0.15135038 0.15099682 0.15379083 0.15836932
500.0 2400.0 2000.0 0.11834675 0.11191633 0.12273338 0.11619682 0.10884331 0.12221454 0.12116159 0.11572992 0.12375784 0.11832812 0.11891144 0.1186869 0.11808662 0.11823778 0.11774899 0.11814301 0.11888586 0.11926796 0.11844643 0.11837101 0.11888794 0.11836099 0.11829631 0.1182141 0.11830397 0.11903769 0.11892313 0.11828688 0.11869218 0.11830906 0.11816443 0.1186414 0.11855836 0.11773516 0.11911508 0.11798335 0.11870205 0.11871234 0.11833369 0.11801422 0.11884839 0.11837533 0.11860508 0.11823005 0.11805311 0.11832958 0.1184958 0.11849246 0.11819312 0.12028348 0.12375887
500.0 2400.0 100000.0 0.13273877 0.12326069 0.14138615 0.12958092 0.11939315 0.13956109 0.13670551 0.12798233 0.14390344 0.13268566 0.13340242 0.13307779 0.13243082 0.13261997 0.13206805 0.13253233 0.13331011 0.13378359 0.13283671 0.13275832 0.1333413 0.13276642 0.13267658 0.13259914 0.13268451 0.13352305 0.13340867 0.13266674 0.13312651 0.13270842 0.13251005 0.13306823 0.13296372 0.13203061 0.13364359 0.13232775 0.13313544 0.13314381 0.13273648 0.13231777 0.13330048 0.13278025 0.13304006 0.13260603 0.13241954 0.13272008 0.13290744 0.13289414 0.13256631 0.1350117 0.13904526
500.0 2500.0 2000.0 0.10483645 0.099093622 0.10879879 0.10282069 0.096279343 0.10820219 0.10748055 0.10259697 0.10989095 0.10482578 0.1053306 0.10508946 0.10461605 0.10470067 0.10433747 0.104654 0.10532499 0.10568276 0.10493703 0.1048621 0.10533392 0.10484794 0.1047958 0.10471618 0.10480493 0.10545071 0.10533978 0.10479536 0.10514503 0.10481098 0.10469758 0.10510143 0.10502574 0.10429851 0.10555985 0.10451583 0.10513844 0.10515538 0.10481983 0.10449288 0.10528436 0.10486353 0.10510106 0.1047336 0.10456741 0.10482184 0.10496419 0.10497261 0.1046963 0.10654946 0.10964197
500.0 2500.0 100000.0 0.11755979 0.10912617 0.12528312 0.11461751 0.10558148 0.12348585 0.1212708 0.11347058 0.12775794 0.11756442 0.11813246 0.11779468 0.11730176 0.11741675 0.1169816 0.11735226 0.11808567 0.11851023 0.11766455 0.1175835 0.11812184 0.11758291 0.11747458 0.11743105 0.1175187 0.11825606 0.11813733 0.11751023 0.11790741 0.11753443 0.1173843 0.11785715 0.11778536 0.11694229 0.11839703 0.11720054 0.11790063 0.11791626 0.11755007 0.11714966 0.11806144 0.11759591 0.11786239 0.11744105 0.11726088 0.11754562 0.1177063 0.11770893 0.11740278 0.11956582 0.12315508
500.0 2600.0 2000.0 0.092791575 0.087727758 0.096267082 0.090972176 0.085201345 0.095706011 0.095185021 0.090880462 0.097286209 0.092775169 0.093224681 0.092948028 0.092598251 0.092627753 0.092365406 0.092593562 0.093233807 0.093573894 0.092889038 0.092821557 0.093265986 0.092792778 0.092733568 0.092684112 0.092768174 0.093337233 0.093230457 0.092770922 0.0930699 0.092773512 0.09267735 0.093031001 0.09295059 0.092318465 0.093423075 0.09250098 0.093052887 0.093072934 0.092775772 0.092442328 0.093192732 0.092818419 0.093063308 0.09270213 0.092540113 0.09277459 0.09290198 0.092921432 0.09265971 0.094298579 0.097055914
500.0 2600.0 100000.0 0.10414009 0.096677673 0.11096781 0.10144353 0.093459513 0.10927047 0.10755817 0.10063843 0.11331428 0.104138 0.10463828 0.10414648 0.10391946 0.10397381 0.1036526 0.10395275 0.10462848 0.10499704 0.10425466 0.10417542 0.10464968 0.10414305 0.10412262 0.10401707 0.10411115 0.10474879 0.10463106 0.10411504 0.10445227 0.10411697 0.10399837 0.1044058 0.10433064 0.10360384 0.10482489 0.1038158 0.10443561 0.10445494 0.10412693 0.1037512 0.10458976 0.10416833 0.10438189 0.10403759 0.10385569 0.1041225 0.10426408 0.10428362 0.1039927 0.10590958 0.10911948
500.0 2700.0 2000.0 0.082540126 0.078031352 0.085638897 0.080855501 0.075726707 0.085062436 0.084758002 0.080912685 0.086649253 0.082530564 0.082920975 0.082614354 0.082372931 0.082384606 0.082167796 0.082355603 0.082939348 0.083243658 0.082636856 0.08256961 0.082970637 0.082537155 0.082504374 0.082440443 0.082522302 0.083021294 0.082921312 0.082532694 0.082788964 0.082527739 0.08245042 0.082753406 0.082683883 0.082120576 0.083113235 0.082281755 0.082764978 0.082786929 0.082522851 0.082196409 0.082894437 0.082564425 0.082788425 0.082462077 0.082310457 0.082523945 0.082634883 0.082662267 0.082421143 0.083879496 0.086337238
500.0 2700.0 100000.0 0.092167257 0.085626059 0.098105938 0.089790328 0.082775341 0.09663283 0.095182348 0.089136188 0.10014882 0.092164254 0.09261712 0.092228623 0.091968559 0.091990836 0.09174538 0.092015297 0.092600443 0.09295147 0.092262589 0.092197904 0.09262463 0.092171796 0.092115404 0.092063744 0.092140445 0.092711788 0.092610068 0.092138855 0.092447407 0.092153131 0.092044237 0.09240322 0.092326678 0.091688684 0.092826671 0.091878301 0.0924249 0.092445564 0.092158119 0.091787029 0.092564555 0.09219766 0.092413507 0.092077236 0.091913237 0.092152608 0.092277549 0.09229573 0.092033868 0.093730701 0.096562354
500.0 2800.0 2000.0 0.074142287 0.070014006 0.077054497 0.072508952 0.067850431 0.076378947 0.076301026 0.072732776 0.07817896 0.074180296 0.074480689 0.074054466 0.074001 0.073962515 0.073836545 0.073996841 0.07452521 0.074786448 0.074244137 0.074177881 0.074535561 0.07413061 0.074160889 0.074045661 0.074132782 0.074574301 0.074470504 0.074144064 0.074371018 0.074129557 0.074080798 0.074335586 0.074281996 0.073771152 0.074667257 0.073906045 0.074336569 0.074364081 0.074119159 0.07381423 0.074463935 0.074160541 0.074364381 0.074073292 0.073920652 0.074127724 0.074223693 0.074261952 0.074030069 0.075339703 0.07757852
500.0 2800.0 100000.0 0.082442173 0.076558978 0.08780718 0.080201442 0.073916431 0.086344734 0.085298788 0.079828063 0.089835753 0.082454381 0.082828237 0.082476708 0.082275555 0.082235611 0.08207667 0.082230568 0.082852508 0.08318619 0.082541078 0.082471703 0.082889103 0.082442633 0.08233833 0.082346565 0.082421963 0.082931524 0.082826828 0.082429353 0.082695088 0.082431804 0.082353185 0.082661534 0.082593685 0.08201898 0.08307534 0.082183607 0.082663534 0.082690525 0.082423164 0.08206173 0.082798278 0.082463303 0.082726756 0.082362358 0.082195601 0.08242924 0.082535912 0.082568721 0.082320674 0.083827188 0.086390259
500.0 2900.0 2000.0 0.066450765 0.062733691 0.069088933 0.064925478 0.060743556 0.068408191 0.068472983 0.065243038 0.070203946 0.066482852 0.06674457 0.066420038 0.066328999 0.06625556 0.066186832 0.066287844 0.066807138 0.067060474 0.066548336 0.066488811 0.066821296 0.066437602 0.066400224 0.06636957 0.06644307 0.066840866 0.066745486 0.066454492 0.066661654 0.066442864 0.066412383 0.066628497 0.066571414 0.066125935 0.066932009 0.066240964 0.066623714 0.066654448 0.066436258 0.066129074 0.066740025 0.066470446 0.066662487 0.066389759 0.066235831 0.066436497 0.066523031 0.066563964 0.066346547 0.067512701 0.069536241
500.0 2900.0 100000.0 0.073999356 0.068685777 0.078869023 0.071902464 0.066244871 0.077447798 0.076684709 0.071718089 0.080843074 0.074008026 0.074332363 0.073942515 0.073859636 0.073769765 0.073673589 0.073806575 0.074382282 0.074676675 0.074104027 0.074031806 0.074429659 0.073989237 0.073900523 0.073906486 0.073987716 0.074432901 0.074326275 0.074006263 0.074228294 0.073989799 0.073935813 0.074198008 0.074139149 0.073627511 0.074545798 0.073761168 0.074187078 0.074221764 0.073973765 0.073620964 0.074317641 0.074016306 0.074286257 0.073931289 0.073764972 0.073984495 0.07407931 0.074123295 0.073884445 0.075235564 0.077556626
500.0 3000.0 2000.0 0.059689055 0.056339647 0.062076156 0.058270325 0.054511038 0.061405964 0.061575289 0.058652318 0.063162148 0.059740138 0.059947455 0.05957623 0.059586228 0.059482493 0.059455384 0.059549338 0.060021381 0.060249196 0.059789001 0.059722835 0.060035804 0.059674297 0.05963638 0.059606734 0.059686315 0.060037629 0.059938662 0.059707304 0.059878102 0.059679916 0.059658609 0.059848991 0.05981397 0.059395841 0.060132323 0.059495115 0.059837035 0.059868254 0.059660492 0.059383618 0.059947565 0.059699196 0.059901134 0.059635014 0.059487397 0.059675096 0.059749873 0.059798218 0.059591725 0.060640338 0.062476694
500.0 3000.0 100000.0 0.066173707 0.061453388 0.070476844 0.064285103 0.059254235 0.069197958 0.06859743 0.064189932 0.072259115 0.066189222 0.066471076 0.0660632 0.066052282 0.065949702 0.065895005 0.066015929 0.066521113 0.066785897 0.066274211 0.066208092 0.066559818 0.066162058 0.066109762 0.066088247 0.066164635 0.066561206 0.066460381 0.066183488 0.0663798 0.066164373 0.066121137 0.066352607 0.066304642 0.065844597 0.066649182 0.065962063 0.066341442 0.066371866 0.066151058 0.065830326 0.066462668 0.066188119 0.066411794 0.066111573 0.065957976 0.066161545 0.06624421 0.066286669 0.066069161 0.067277101 0.06935991
600.0 500.0 2000.0 2.7939686 2.5420348 3.0647268 2.7225441 2.4635389 3.0083652 2.8805441 2.6355411 3.1357137 2.7897134 2.8067841 2.7862096 2.7884226 2.7884237 2.7780052 2.7898183 2.8042501 2.8137678 2.7966724 2.7936291 2.807658 2.7943513 2.7927436 2.7899585 2.7925824 2.8091022 2.8077574 2.7922926 2.8007582 2.7928611 2.786895 2.8006727 2.7985444 2.7784134 2.8084254 2.7858063 2.8013488 2.8023488 2.792666 2.782179 2.8041405 2.7935626 2.8021961 2.7910232 2.7879102 2.7938332 2.7973874 2.7967112 2.7917549 2.8565524 2.9459534
600.0 500.0 100000.0 3.1697421 2.8400229 3.5483462 3.0723415 2.740913 3.4585778 3.2858684 2.9569827 3.6573327 3.164716 3.1844977 3.1608884 3.163379 3.1635694 3.1516419 3.1652772 3.1813709 3.1922646 3.172818 3.1693777 3.1851532 3.1701703 3.1687105 3.1652404 3.1681051 3.1869827 3.1854188 3.1679436 3.1775032 3.1685267 3.1616462 3.1773485 3.1748643 3.1520731 3.1860614 3.1604328 3.178164 3.1792473 3.1683725 3.156335 3.1813762 3.1693494 3.1788594 3.1663994 3.162831 3.1695524 3.1736273 3.1728758 3.1671315 3.2427876 3.3474229
600.0 600.0 2000.0 2.2182799 2.0173465 2.4347294 2.1564392 1.9508135 2.3836032 2.2933897 2.0968321 2.498979 2.2146306 2.2277509 2.2117055 2.2142211 2.2129463 2.2065674 2.214241 2.2271554 2.2342115 2.2202978 2.2182592 2.2297689 2.2181152 2.2173098 2.2145904 2.217439 2.2297402 2.2282343 2.2172641 2.2237969 2.2174569 2.2134617 2.2235448 2.2220037 2.2070131 2.2291188 2.2120172 2.2237759 2.2245785 2.216972 2.2084165 2.2264101 2.2179949 2.2255608 2.2160384 2.213756 2.2181889 2.220938 2.2207708 2.2162616 2.2666137 2.3374187
600.0 600.0 100000.0 2.511608 2.249956 2.8122409 2.4300843 2.1678126 2.7357859 2.6091362 2.3472223 2.905338 2.5077967 2.5225988 2.5040605 2.5068695 2.5057862 2.4981582 2.5072722 2.521569 2.5296916 2.513913 2.5115124 2.5244516 2.511546 2.5104791 2.5075184 2.5106471 2.5247635 2.5230855 2.5103843 2.5178762 2.5107034 2.5059728 2.5175747 2.5158551 2.4985478 2.5244202 2.5044053 2.5178529 2.5187597 2.5102127 2.5004955 2.5210141 2.5112832 2.5195678 2.5090855 2.5064414 2.511501 2.5146036 2.514399 2.5093746 2.5681976 2.6507932
600.0 700.0 2000.0 1.6496966 1.5142404 1.7879293 1.6098254 1.4685032 1.7595879 1.6985317 1.569074 1.824572 1.6476802 1.6572582 1.6507148 1.6462606 1.6476907 1.6403357 1.6471892 1.6561329 1.6611968 1.6511104 1.6495508 1.6570573 1.6500657 1.6490968 1.6475113 1.6490277 1.6588413 1.657919 1.6486404 1.6538961 1.6490384 1.6459729 1.6536491 1.6523289 1.640584 1.658639 1.6447887 1.6543631 1.6546718 1.6491524 1.6444813 1.6560286 1.6496871 1.6536157 1.6479963 1.6462594 1.6495397 1.6517766 1.6513622 1.648172 1.6858391 1.7370402
600.0 700.0 100000.0 1.8751175 1.6927979 2.0783723 1.8197309 1.6347749 2.0300337 1.9416484 1.761643 2.1378243 1.8727128 1.8838398 1.8754426 1.8712053 1.8726536 1.8644284 1.8723513 1.8823575 1.888308 1.8767302 1.8749346 1.8835598 1.8755483 1.8742823 1.8726324 1.8743042 1.8855258 1.8844694 1.8739334 1.8798894 1.874418 1.8707933 1.8796361 1.8780991 1.8646949 1.8854671 1.8695459 1.8803951 1.8807412 1.8745083 1.8687812 1.8822734 1.8751162 1.8797347 1.8731699 1.8711494 1.8749598 1.8774722 1.8770283 1.8733645 1.9175544 1.9778056
600.0 800.0 2000.0 1.2265085 1.1383222 1.3089069 1.2025544 1.1078354 1.296775 1.2561568 1.1749645 1.3256991 1.2257176 1.2329417 1.2317255 1.2235318 1.2271088 1.2193903 1.2260687 1.2310082 1.2346188 1.2273603 1.2264298 1.2306895 1.2271598 1.2270167 1.2255079 1.2257945 1.233938 1.2335348 1.2252482 1.2297742 1.2260146 1.2236154 1.229504 1.2281271 1.2192259 1.2335109 1.2227758 1.230738 1.2305904 1.2268382 1.2246895 1.2315381 1.226773 1.2270632 1.2251633 1.2238245 1.2263526 1.2282105 1.227486 1.2253568 1.2536206 1.2904054
600.0 800.0 100000.0 1.4034897 1.2785816 1.536822 1.3677409 1.2387492 1.5094979 1.4466014 1.325891 1.5709567 1.4016654 1.4105468 1.4078793 1.4001883 1.4030814 1.3948548 1.4020078 1.4085923 1.4128725 1.4046086 1.4033157 1.4090641 1.4041027 1.4036802 1.4021123 1.4027633 1.4117618 1.4110934 1.4024821 1.4070746 1.4028826 1.4000632 1.4069222 1.4053879 1.39519 1.4110758 1.3990703 1.4080051 1.4079979 1.4034646 1.4005419 1.4091032 1.4036337 1.4055951 1.4020132 1.4004445 1.4032862 1.4053562 1.4047198 1.4021563 1.4355621 1.4794778
600.0 900.0 2000.0 0.94583695 0.88445727 0.99859829 0.93099135 0.86325811 0.99482967 0.96437085 0.90994345 1.0048973 0.94478863 0.95088576 0.95083129 0.94339301 0.94659516 0.93975779 0.94524298 0.9490699 0.95184783 0.94650659 0.94566385 0.94905021 0.94644049 0.94631549 0.9451263 0.94527512 0.95161878 0.95130657 0.94499548 0.94829203 0.94541297 0.94333551 0.94815519 0.94703006 0.93998789 0.95100087 0.94281433 0.94915693 0.9489674 0.94606979 0.94483488 0.94976842 0.94602508 0.94652312 0.9448156 0.94373351 0.94568211 0.94714665 0.94656728 0.94492815 0.96682838 0.99447161
600.0 900.0 100000.0 1.0872462 0.99651224 1.1807257 1.0624595 0.9674361 1.1641527 1.1171797 1.0310312 1.2017074 1.0859935 1.0930883 1.0922081 1.0844705 1.0879107 1.0804358 1.0865107 1.0909921 1.0944187 1.0880047 1.0871012 1.0911268 1.0879031 1.0875869 1.0864319 1.0865817 1.0938722 1.0935114 1.0862454 1.0900876 1.0868147 1.0844479 1.0899416 1.0886101 1.0805854 1.0933568 1.0838181 1.0909978 1.0908508 1.0875309 1.0855207 1.0917462 1.0874628 1.0881684 1.0860646 1.0847995 1.0870945 1.0887478 1.0880732 1.0862003 1.1122168 1.1454984
600.0 1000.0 2000.0 0.75111945 0.70562562 0.78773148 0.74072905 0.6895833 0.78705439 0.76413989 0.72489548 0.7899352 0.75050514 0.75537149 0.75633751 0.74903749 0.75210299 0.74629605 0.75080108 0.75357597 0.75598312 0.75149533 0.75097551 0.75346261 0.75171989 0.75137011 0.75070626 0.75060485 0.75588501 0.75567838 0.75030711 0.75312 0.75080789 0.74910175 0.75297807 0.75209326 0.74637314 0.75562288 0.74869668 0.75389618 0.75367469 0.75147719 0.75056857 0.75430347 0.75133929 0.75142133 0.75028161 0.74943727 0.75101516 0.75221493 0.75162481 0.75037612 0.76781351 0.78924255
600.0 1000.0 100000.0 0.86410471 0.79515513 0.93325325 0.84574501 0.77279949 0.92230954 0.88624809 0.82165219 0.94721016 0.86331189 0.86892047 0.86949704 0.86174435 0.86491398 0.8585582 0.86376065 0.86696681 0.86975985 0.86459089 0.86397148 0.86698837 0.86474307 0.86440195 0.8635707 0.86355933 0.86954449 0.86922144 0.86327502 0.86637283 0.86373484 0.86183032 0.86625999 0.86517601 0.85868652 0.8690536 0.86129453 0.8672511 0.86701089 0.86446844 0.86336872 0.86778358 0.86432407 0.86451371 0.8631552 0.86218505 0.86396459 0.86534418 0.86472341 0.86322454 0.88400589 0.90995234
600.0 1100.0 2000.0 0.60983813 0.57432136 0.63725325 0.60187138 0.56149824 0.63758487 0.61979408 0.58968544 0.63791403 0.60935342 0.61333283 0.61488742 0.60809173 0.61086002 0.60587407 0.60971104 0.61178014 0.61367493 0.61008191 0.60973629 0.61163835 0.61035119 0.61022848 0.6095342 0.60941964 0.61373822 0.61354888 0.60918927 0.6114685 0.60956887 0.60818904 0.61134447 0.61060487 0.60597402 0.61332562 0.60785338 0.61217676 0.61190961 0.61020812 0.60975417 0.61247643 0.61005178 0.60979005 0.60915819 0.60850902 0.60974395 0.61074434 0.61024172 0.60920272 0.62336829 0.6405308
600.0 1100.0 100000.0 0.69984286 0.64562611 0.75320125 0.685588 0.62782215 0.74543084 0.7170142 0.66670535 0.76315898 0.69945532 0.70393113 0.70503984 0.69783344 0.70082671 0.6955152 0.69966372 0.70213853 0.7044086 0.70010062 0.69977334 0.70194378 0.70041224 0.7002939 0.69953383 0.69935522 0.70436087 0.70415483 0.69903633 0.70176229 0.69957019 0.6980228 0.70160251 0.70071309 0.69543613 0.70412021 0.69758445 0.70252807 0.70224996 0.70032053 0.69949817 0.70290645 0.70010653 0.69976945 0.69905847 0.69827689 0.69973898 0.70089017 0.7003114 0.69909859 0.71594176 0.73665435
600.0 1200.0 2000.0 0.50077672 0.47251756 0.52181507 0.49464813 0.4621932 0.52281844 0.50843243 0.48487165 0.52144498 0.50034429 0.50369048 0.50473667 0.49931278 0.50170347 0.49753205 0.50067057 0.50235022 0.50398212 0.50093838 0.50069248 0.5022778 0.50121014 0.50109631 0.50053901 0.5004312 0.50400274 0.50382457 0.50026168 0.50212096 0.50057462 0.49942464 0.50203637 0.50140541 0.49759285 0.50370777 0.49913862 0.5026984 0.50245663 0.50109473 0.50064956 0.50296047 0.50096623 0.50085909 0.50021612 0.49969152 0.50069328 0.50152619 0.50110977 0.50023271 0.5118846 0.52578739
600.0 1200.0 100000.0 0.57560973 0.53181776 0.6181938 0.56392491 0.51709174 0.61203911 0.58966013 0.54923747 0.62606234 0.57511911 0.57892102 0.57970604 0.57394656 0.57637975 0.5718689 0.57530762 0.57746507 0.57939931 0.57583135 0.57552159 0.57745752 0.57607785 0.57577952 0.57529707 0.57523609 0.57929006 0.57903781 0.57508055 0.5771583 0.5753734 0.57406921 0.57704454 0.57637433 0.57197715 0.57900235 0.57369855 0.57776443 0.57752677 0.5759241 0.57528601 0.57812523 0.57580408 0.57578939 0.57498146 0.57435889 0.575509 0.5764531 0.57602218 0.57496675 0.58885566 0.60569962
600.0 1300.0 2000.0 0.41750592 0.39420504 0.43462412 0.41222942 0.38540112 0.43534972 0.42406315 0.40472417 0.43440856 0.41714018 0.41995194 0.42086644 0.41626564 0.41831209 0.41481216 0.41737562 0.41884038 0.42017261 0.41760947 0.41745477 0.4187432 0.41784607 0.41782148 0.41730538 0.41722308 0.42017775 0.42002335 0.41706648 0.41864348 0.41734231 0.41639574 0.41854398 0.41799465 0.41489813 0.41990878 0.41613513 0.41911596 0.41889779 0.41778462 0.4174234 0.41935863 0.41768157 0.41750706 0.41704767 0.41661932 0.41743694 0.41813347 0.41778705 0.41702738 0.42674926 0.43823241
600.0 1300.0 100000.0 0.47901891 0.44293943 0.51386496 0.46927862 0.43059966 0.50883927 0.49072289 0.45753521 0.5202809 0.47876358 0.48185763 0.48218091 0.47760894 0.47977272 0.47600286 0.47894616 0.48056346 0.48219136 0.47915724 0.47895964 0.48044278 0.47942915 0.47928294 0.47875857 0.47870224 0.48208166 0.48188915 0.47851147 0.48033797 0.47884683 0.47772786 0.48020383 0.47971194 0.47600836 0.48204837 0.47746382 0.48080475 0.48058629 0.4793146 0.47867145 0.48112621 0.47921041 0.47902769 0.478483 0.4779866 0.47896007 0.47972861 0.4793567 0.47846668 0.49004611 0.50388556
600.0 1400.0 2000.0 0.3511043 0.33160399 0.36534584 0.34658058 0.3240884 0.36591537 0.35671298 0.34058079 0.36519506 0.35085903 0.35317585 0.35409223 0.35005391 0.35180281 0.34887001 0.35110029 0.35223353 0.3533833 0.35117301 0.35106771 0.35215216 0.351407 0.35132225 0.35094421 0.35087538 0.35338151 0.35321678 0.35075726 0.35207319 0.35097141 0.350195 0.35197789 0.35156451 0.34891509 0.35318436 0.34994353 0.35246918 0.35226492 0.35136095 0.35107118 0.35268968 0.35126665 0.35106014 0.35071881 0.35037808 0.35103722 0.3516339 0.35134941 0.35068339 0.35887924 0.36844977
600.0 1400.0 100000.0 0.40142433 0.37147909 0.4301542 0.39322174 0.36104984 0.42598303 0.41127518 0.38381536 0.43547054 0.40116129 0.40379559 0.40422446 0.40024393 0.40201728 0.39891143 0.40134569 0.40274335 0.40412822 0.40152347 0.40138459 0.40265988 0.40176346 0.40156467 0.4012144 0.40116497 0.40398814 0.40381594 0.40100335 0.40254134 0.401289 0.40037426 0.40241841 0.40198049 0.39892693 0.40399442 0.40012406 0.40291798 0.40272713 0.40167872 0.40111918 0.40320056 0.40159865 0.40148431 0.40097922 0.40056167 0.40137764 0.40202041 0.40171609 0.4009452 0.41063101 0.42216467
600.0 1500.0 2000.0 0.29750917 0.28099651 0.30955892 0.29344921 0.27441807 0.30979887 0.30254049 0.28886378 0.30972541 0.29732751 0.29925193 0.299662 0.29663036 0.29805559 0.29563415 0.29743899 0.29851079 0.29945096 0.29758259 0.29749112 0.29841001 0.29775108 0.29765759 0.29734323 0.29732287 0.29939614 0.29925293 0.29719941 0.29834339 0.29739898 0.29674659 0.2982406 0.29792293 0.2956882 0.29929073 0.29654197 0.29863445 0.29846923 0.29770049 0.29739377 0.29884646 0.29764513 0.29745346 0.29718279 0.29687502 0.29746962 0.2979518 0.29773185 0.29713957 0.30408447 0.31216392
600.0 1500.0 100000.0 0.33910366 0.31397426 0.36310171 0.33210412 0.30506574 0.35955679 0.34750503 0.32451273 0.36760749 0.33898026 0.34111246 0.34170093 0.3380888 0.33969274 0.33697602 0.33906526 0.3402388 0.34139142 0.33918007 0.3390782 0.34015023 0.33939383 0.33923823 0.33893348 0.33890084 0.34131153 0.34110532 0.3388004 0.34005137 0.33897819 0.33825414 0.3399532 0.33960806 0.33700658 0.34121846 0.33797854 0.34040268 0.34021081 0.33932954 0.33900684 0.34066662 0.33925426 0.33906689 0.33873541 0.33840774 0.33903564 0.33960929 0.33935591 0.33867771 0.3468834 0.35655748
600.0 1600.0 2000.0 0.25337377 0.2393552 0.26356363 0.24986484 0.23368465 0.26374653 0.25770872 0.24613056 0.26371202 0.25318788 0.25487389 0.25518179 0.25261798 0.25380752 0.25182458 0.25332202 0.25421486 0.25508002 0.25341972 0.25336177 0.25415974 0.2535847 0.25354163 0.25323705 0.25322554 0.2550003 0.2548619 0.253138 0.25408913 0.25329804 0.25273387 0.2540014 0.25371467 0.25182242 0.25495727 0.25254045 0.2543186 0.25417133 0.25354579 0.25320333 0.25453551 0.25350651 0.25338601 0.25309663 0.2528584 0.25333273 0.25374917 0.25356685 0.25304746 0.2589742 0.265806
600.0 1600.0 100000.0 0.28814582 0.26693038 0.30831358 0.28207388 0.25922727 0.30519803 0.29544489 0.2760564 0.31227656 0.287883 0.28981759 0.28991102 0.28730486 0.28850327 0.28636395 0.28804315 0.28912693 0.29009705 0.28823017 0.28814033 0.28912614 0.28835985 0.28829936 0.28796903 0.28798036 0.2899575 0.28978462 0.28789296 0.28895171 0.2880501 0.2874235 0.28886946 0.28853705 0.28641878 0.28986566 0.2872081 0.28919831 0.28904881 0.28830395 0.28785037 0.28944468 0.28828391 0.28828497 0.28782942 0.28752476 0.28811292 0.28856914 0.28838381 0.28777048 0.2947355 0.30293331
600.0 1700.0 2000.0 0.21694538 0.2050058 0.2255669 0.21386037 0.20006183 0.22566017 0.22075153 0.21091396 0.22576343 0.21677409 0.21821234 0.21838909 0.21630663 0.21729544 0.21561388 0.21687788 0.21769084 0.21840694 0.21699204 0.21693824 0.2176509 0.21711236 0.21710305 0.21681331 0.21682454 0.21831323 0.21818257 0.21674745 0.21755954 0.21687459 0.21640864 0.21748128 0.21725926 0.21564068 0.21828972 0.21623564 0.21774153 0.21762151 0.21706632 0.21676458 0.21792857 0.21705716 0.21703276 0.2167105 0.21649793 0.21691857 0.21726465 0.21712266 0.216659 0.22173147 0.22754667
600.0 1700.0 100000.0 0.24642889 0.22838362 0.2635163 0.2411083 0.22166742 0.26073143 0.25282435 0.23634433 0.26704648 0.24626068 0.24787598 0.2478467 0.2457051 0.24673302 0.24492825 0.24632781 0.2472749 0.24814285 0.24649133 0.24642416 0.24723438 0.24662698 0.24652962 0.24628081 0.24629458 0.24799046 0.24784083 0.24619878 0.24713006 0.24635749 0.24582399 0.24704147 0.24679727 0.24493694 0.24804819 0.24562622 0.2473154 0.24719154 0.24656847 0.24612085 0.24753941 0.24655525 0.24652289 0.2461583 0.24590912 0.24640549 0.2467883 0.24663236 0.2461018 0.25207651 0.25901611
600.0 1800.0 2000.0 0.18668799 0.17646736 0.19401962 0.18393106 0.17211186 0.19400096 0.19009307 0.18168021 0.1943138 0.18663295 0.18778152 0.18784888 0.18614108 0.18698341 0.18555079 0.18665401 0.1873407 0.18796667 0.18673997 0.18668645 0.18728836 0.18684244 0.18677225 0.18657529 0.18658957 0.1878775 0.18774866 0.18652804 0.18722737 0.18663028 0.18623978 0.18714915 0.18700915 0.18556849 0.18787949 0.18608352 0.18737119 0.18726535 0.18680252 0.18653432 0.18755359 0.18678738 0.18668307 0.18648409 0.18630208 0.18666201 0.18695976 0.1868442 0.1864361 0.19081141 0.19578983
600.0 1800.0 100000.0 0.21131594 0.19598094 0.22574238 0.2067202 0.19016862 0.22335496 0.21684876 0.2028795 0.22877751 0.21118232 0.21253376 0.21246379 0.21070845 0.2115176 0.21002299 0.21117765 0.21204795 0.21283654 0.21139417 0.21131173 0.21207513 0.21148592 0.21130095 0.21117063 0.21120816 0.21264701 0.21249197 0.21115188 0.21191373 0.21125953 0.21079825 0.21185042 0.21167166 0.21004992 0.2126945 0.21063309 0.21205508 0.21195173 0.21141049 0.21098678 0.21228465 0.21141568 0.21147489 0.21107992 0.21086515 0.21129606 0.21161653 0.21149934 0.21102962 0.21615283 0.22208558
600.0 1900.0 2000.0 0.16155145 0.15273272 0.16785404 0.15911384 0.1489067 0.16779685 0.16456984 0.15732126 0.16816739 0.16148116 0.1624925 0.1624521 0.16107861 0.1617061 0.16058634 0.16144073 0.16213369 0.16272392 0.16160216 0.16155079 0.16210251 0.16167684 0.16157564 0.16144196 0.16147289 0.16257258 0.1624527 0.16142187 0.16201591 0.16150935 0.1611673 0.16195451 0.16181942 0.16058066 0.16266156 0.16102012 0.16211495 0.16204172 0.16162347 0.16131639 0.16229665 0.16162798 0.1616567 0.16137838 0.16120766 0.16152974 0.16178013 0.16169641 0.16132702 0.16510877 0.16942212
600.0 1900.0 100000.0 0.1826547 0.16944274 0.19505429 0.17857934 0.16432012 0.19288585 0.18756951 0.17553261 0.19781243 0.18253415 0.18371223 0.18344178 0.18213035 0.18280304 0.18154225 0.18255352 0.18331219 0.18396829 0.18272677 0.18265935 0.18332455 0.18278849 0.18266538 0.18252644 0.18256775 0.18380064 0.1836592 0.18252001 0.18318025 0.18260639 0.18221906 0.18311227 0.18295522 0.18156365 0.18385541 0.18205143 0.18328564 0.18320453 0.18273372 0.1823356 0.1834909 0.18274398 0.18280368 0.18245713 0.18225558 0.18263345 0.18291024 0.18282335 0.18239833 0.18683471 0.19195607
600.0 2000.0 2000.0 0.1404137 0.13276708 0.14586195 0.1382234 0.12937291 0.14573952 0.14312287 0.13683884 0.1462192 0.14029545 0.14120827 0.14106691 0.14001783 0.14053725 0.13955619 0.14029036 0.1409248 0.14142554 0.14047403 0.14041627 0.14094314 0.14051186 0.14042136 0.14030647 0.14035127 0.1412853 0.14116638 0.14032068 0.14081681 0.14037633 0.14008897 0.14076655 0.14065257 0.13959216 0.14131402 0.13995424 0.14089261 0.14082647 0.14046281 0.14016805 0.14105762 0.1404839 0.14056232 0.14026251 0.14011511 0.14039882 0.14060915 0.14054737 0.14021428 0.14350729 0.14724223
600.0 2000.0 100000.0 0.15856786 0.14714814 0.16925101 0.15496267 0.14263296 0.16730595 0.1629252 0.15252574 0.17173131 0.1584398 0.1594782 0.15924358 0.15811499 0.15867041 0.15762563 0.15844864 0.15914643 0.15974305 0.15863856 0.15857851 0.15916984 0.15867673 0.15860865 0.15844898 0.15850115 0.15955904 0.15942122 0.15846952 0.15902231 0.15852925 0.15820252 0.15897195 0.15882259 0.15763215 0.15961221 0.15804022 0.15909905 0.15903808 0.15862691 0.15824762 0.15930276 0.15864404 0.15873683 0.15839761 0.15822214 0.15854793 0.15878686 0.15871937 0.15833931 0.16218797 0.16662461
600.0 2100.0 2000.0 0.1226279 0.11595769 0.12737331 0.12064999 0.11293145 0.12719959 0.12508412 0.11959894 0.12777908 0.12255549 0.12332607 0.12318172 0.12228053 0.12271434 0.12189784 0.1225153 0.12309174 0.12353345 0.12268316 0.12263779 0.12308879 0.12271235 0.12261584 0.12253875 0.12257669 0.12339594 0.12328642 0.12254442 0.12298776 0.12259717 0.12236177 0.122938 0.12283777 0.12191333 0.12345579 0.1222241 0.12304713 0.1229933 0.12267574 0.12240126 0.12319427 0.12269192 0.12273089 0.12249653 0.12235726 0.12261458 0.1227983 0.12275078 0.12244777 0.12532731 0.12858385
600.0 2100.0 100000.0 0.13823796 0.128328 0.14747715 0.13502093 0.12431978 0.14570764 0.14213619 0.13311203 0.14974001 0.13811878 0.13901353 0.13870591 0.13785294 0.1382541 0.13739273 0.13806112 0.13875325 0.13930583 0.1383128 0.13824247 0.1388222 0.13833154 0.13816549 0.13812458 0.13818384 0.13909826 0.13895874 0.13817078 0.13863253 0.13820429 0.13792874 0.13859368 0.13847732 0.1374265 0.13917622 0.13777664 0.13868756 0.13863712 0.13826922 0.13790903 0.13887486 0.13829856 0.13847 0.13809121 0.13792911 0.13822403 0.13842316 0.13838228 0.13803594 0.14139718 0.1452534
600.0 2200.0 2000.0 0.10742515 0.10160132 0.11155059 0.10563849 0.098898319 0.11134385 0.10965008 0.10486113 0.1119809 0.10736765 0.10803703 0.10783255 0.10712121 0.10745302 0.10680587 0.10732465 0.10784162 0.10824775 0.1074817 0.10743629 0.10785069 0.10749352 0.10743875 0.10734038 0.10738661 0.10809672 0.10799099 0.10736785 0.10774319 0.10739997 0.10719374 0.10769763 0.10761399 0.10679792 0.10816906 0.10706416 0.10777876 0.10773959 0.10745837 0.10718308 0.10792482 0.1074801 0.10755753 0.10731341 0.10717916 0.10741062 0.10757024 0.10754291 0.10726186 0.10978316 0.11264737
600.0 2200.0 100000.0 0.12089666 0.11227696 0.12890019 0.1180696 0.10874942 0.12735366 0.1243296 0.11649417 0.13088613 0.12084714 0.12158983 0.12127962 0.12055882 0.12092506 0.12020283 0.12079906 0.12135731 0.12183018 0.1209651 0.1209136 0.1213775 0.12097799 0.12089856 0.12080386 0.12085 0.12165729 0.1215361 0.12083124 0.12125489 0.12087119 0.12063738 0.12120653 0.12111846 0.12018993 0.12173401 0.12049669 0.12129747 0.12124854 0.12094131 0.1206162 0.12146388 0.12096066 0.12103005 0.12076568 0.12061674 0.12088468 0.12106049 0.12102627 0.12071256 0.12365392 0.12702893
600.0 2300.0 2000.0 0.094364236 0.089287022 0.097925389 0.092764176 0.086878796 0.097719956 0.096356138 0.092192466 0.098331717 0.094308065 0.09489426 0.094704581 0.094103403 0.094367276 0.093812039 0.094276232 0.094731495 0.095104487 0.094419907 0.094374903 0.094762336 0.094423916 0.09432815 0.094288438 0.094333037 0.094955693 0.094855582 0.094323125 0.094643038 0.094345784 0.094169977 0.094607153 0.094534445 0.093819086 0.095021894 0.094047313 0.094668502 0.094637157 0.094389013 0.094119009 0.094806296 0.09441413 0.094529596 0.094264986 0.094148141 0.094351317 0.094490325 0.09446734 0.094218711 0.0964354 0.09893926
600.0 2300.0 100000.0 0.10609999 0.098587036 0.11303972 0.10358514 0.095453907 0.11165611 0.10915862 0.10233777 0.11481993 0.10604011 0.10670303 0.10643922 0.10580314 0.10610113 0.10547859 0.10599734 0.10650881 0.10693754 0.10616235 0.1061131 0.10655555 0.10616766 0.10606088 0.10601608 0.10606356 0.1067664 0.1066521 0.10605469 0.10641292 0.10607893 0.10587558 0.10637428 0.10629472 0.10548254 0.10684397 0.10574183 0.10644144 0.10640721 0.10612938 0.10581323 0.1065993 0.1061544 0.10627904 0.10598878 0.10585417 0.10608567 0.1062409 0.10621731 0.10593554 0.10852009 0.1114645
600.0 2400.0 2000.0 0.083217304 0.078763989 0.086318503 0.081806112 0.07663254 0.086149498 0.084977901 0.081339163 0.086666053 0.083172825 0.083682026 0.083454255 0.082989248 0.083203399 0.08272861 0.083106 0.083546943 0.083876802 0.083270687 0.08322589 0.083578565 0.083270306 0.083173917 0.083147298 0.083189618 0.083735531 0.08364173 0.083179329 0.083463395 0.083199626 0.083047934 0.083433561 0.08337836 0.08273737 0.083820004 0.082940517 0.083479483 0.083455999 0.08323511 0.082982961 0.083605429 0.083257389 0.083367223 0.083130512 0.083021412 0.083209957 0.083326511 0.083314068 0.083089263 0.0850501 0.087246806
600.0 2400.0 100000.0 0.093658182 0.087039334 0.099762822 0.09137009 0.084212865 0.098464656 0.096453027 0.090434243 0.10144214 0.093629112 0.094190713 0.093866759 0.09340241 0.093631084 0.093145686 0.093585693 0.094033179 0.094422551 0.093722756 0.093678614 0.094058815 0.093715967 0.093638806 0.093584279 0.093628714 0.094247073 0.094144459 0.093614713 0.093940541 0.093644299 0.093476868 0.093902532 0.093829057 0.093118204 0.094346416 0.093347331 0.093954342 0.093928734 0.093688085 0.093377927 0.09410055 0.093708467 0.093801479 0.093558104 0.093426267 0.093649131 0.093780883 0.093767253 0.093509439 0.0957875 0.098402126
600.0 2500.0 2000.0 0.074269598 0.070220413 0.077158895 0.072870504 0.068208685 0.07682627 0.076031971 0.072669522 0.077716137 0.074259834 0.074678205 0.074382938 0.074076331 0.074205841 0.07387345 0.074163012 0.074589939 0.074894298 0.074331831 0.074289763 0.074614515 0.074306208 0.074226403 0.074204476 0.074248617 0.074733176 0.074639137 0.074245444 0.074498102 0.074258125 0.074139723 0.074467278 0.074417058 0.073853101 0.074817778 0.07402318 0.07449832 0.07448453 0.074281516 0.074019681 0.0746204 0.07430537 0.07442027 0.074191332 0.074071041 0.074262185 0.07436396 0.074366651 0.074147063 0.075888594 0.077896498
600.0 2500.0 100000.0 0.082962484 0.077111033 0.08835122 0.080894084 0.074568744 0.087156879 0.085497117 0.080172322 0.089902721 0.082948735 0.083431369 0.083072761 0.082738102 0.082912411 0.082518622 0.08285958 0.08330294 0.083654304 0.083025861 0.082983374 0.083338058 0.083008447 0.082962064 0.082891795 0.082939402 0.083481318 0.083382294 0.082933609 0.08321461 0.082951073 0.082806313 0.083180673 0.083123165 0.082487035 0.083585078 0.082684596 0.083216375 0.083199291 0.082980484 0.082677735 0.083352804 0.083005386 0.083119356 0.082874923 0.082750167 0.082954834 0.083068813 0.08306573 0.082827256 0.084847829 0.087166943
600.0 2600.0 2000.0 0.066115185 0.062502175 0.068700927 0.064827873 0.060674825 0.068356397 0.067741254 0.064732297 0.069263182 0.066104025 0.066475709 0.066216534 0.065945698 0.06604622 0.065770845 0.066031929 0.066405715 0.066687956 0.06617606 0.066136189 0.066425152 0.066144608 0.066080193 0.066055942 0.066101117 0.066526893 0.066441005 0.066100158 0.066319801 0.066107909 0.066009173 0.066290353 0.066238096 0.065744099 0.066618536 0.065892159 0.066312098 0.066304181 0.066124665 0.065871035 0.066426142 0.066149302 0.066259957 0.066047818 0.065935234 0.066107158 0.066196955 0.066205339 0.066004183 0.067551991 0.069346295
600.0 2600.0 100000.0 0.073763874 0.068563474 0.078551448 0.071874867 0.066259332 0.077431966 0.076088704 0.071347297 0.080013681 0.073753242 0.074174226 0.073761267 0.073571193 0.073688609 0.07338302 0.073684002 0.074077088 0.074392157 0.073832584 0.07378566 0.074112288 0.073798659 0.073771897 0.073693067 0.073748012 0.074219148 0.074122029 0.073752273 0.0739888 0.07375442 0.073631635 0.073957798 0.07390969 0.073344226 0.074312953 0.073513532 0.073979351 0.073969318 0.073769941 0.07348624 0.074110709 0.073798251 0.073915542 0.073687593 0.073564888 0.073756366 0.073853664 0.073863662 0.073639618 0.07543338 0.077514602
600.0 2700.0 2000.0 0.05899085 0.055767796 0.061296932 0.057806277 0.054105342 0.060948896 0.060491848 0.057802025 0.06185558 0.058990589 0.059311687 0.059043985 0.058843908 0.058906416 0.058699922 0.058904375 0.059255603 0.059517391 0.059048993 0.059014829 0.059281726 0.059015152 0.058967102 0.058939169 0.058978444 0.059360233 0.059278811 0.058979022 0.0591759 0.058985351 0.0589064 0.059151024 0.059106026 0.058665873 0.059451136 0.058794082 0.059164153 0.059160563 0.059000735 0.058751514 0.059269547 0.059021969 0.059132226 0.058929183 0.058822409 0.058986225 0.059063859 0.059074072 0.058890092 0.06027191 0.061874981
600.0 2700.0 100000.0 0.065621226 0.061021657 0.069836757 0.063917322 0.058947636 0.068819907 0.067722028 0.063531229 0.071167835 0.065622759 0.065981915 0.065638597 0.065452899 0.065528912 0.065269103 0.065515114 0.065905592 0.066203482 0.065684186 0.065638481 0.065950073 0.065654217 0.065555017 0.065560225 0.065605332 0.066031128 0.065939533 0.065611133 0.065822786 0.065613831 0.065510394 0.065797779 0.06576063 0.065248176 0.066141716 0.06539967 0.065811919 0.065806001 0.065624629 0.065350631 0.065929083 0.065651696 0.065797121 0.065553371 0.065439349 0.065615321 0.065700977 0.065713502 0.065509689 0.067106025 0.068947961
600.0 2800.0 2000.0 0.05271479 0.049845229 0.054758297 0.051632068 0.048336699 0.054422311 0.054090088 0.051694895 0.055293281 0.052714582 0.052999206 0.052726569 0.052585259 0.052615101 0.052455331 0.052623495 0.052956915 0.053200878 0.052769654 0.052736399 0.052991638 0.052733981 0.052667494 0.052667298 0.05270524 0.053045444 0.052968637 0.052709308 0.052881924 0.052711776 0.052642658 0.052859681 0.052818364 0.052423427 0.053141904 0.05253545 0.052864337 0.05286495 0.052718329 0.052471838 0.052961705 0.052742267 0.052878118 0.052660749 0.052558157 0.052709818 0.052778067 0.052793739 0.052621932 0.053855782 0.055296598
600.0 2800.0 100000.0 0.058624165 0.054528094 0.062368959 0.057079885 0.052653799 0.061438542 0.060535075 0.05680221 0.063593744 0.058629543 0.058944786 0.058592247 0.058475126 0.05852094 0.05831732 0.058525282 0.058885218 0.05915484 0.058685745 0.058645607 0.058921501 0.058649819 0.05855827 0.058570539 0.058612714 0.058991589 0.058907448 0.058618451 0.058806735 0.058619348 0.058533593 0.058783332 0.0587431 0.058294955 0.059082823 0.058424098 0.058792652 0.058791429 0.058630578 0.058368883 0.058903306 0.058651586 0.058769028 0.058564375 0.058454599 0.058616114 0.058694332 0.058707697 0.058522262 0.059945622 0.061599816
600.0 2900.0 2000.0 0.047294276 0.044721053 0.04912559 0.046300517 0.043347297 0.048799598 0.048560864 0.046409928 0.049642014 0.047306528 0.047547381 0.04730689 0.047178968 0.047189926 0.047063765 0.047198259 0.047519272 0.0477425 0.047346254 0.047315629 0.047550973 0.047310296 0.047232499 0.047252426 0.04728678 0.047592445 0.047520569 0.047290647 0.047445064 0.047291414 0.0472359 0.047426086 0.047386431 0.047035564 0.047689352 0.047132412 0.047427848 0.047432018 0.047296517 0.04707233 0.047518391 0.047316966 0.047447259 0.047246759 0.047148126 0.047288773 0.047350348 0.0473672 0.047209734 0.048314948 0.049613596
600.0 2900.0 100000.0 0.052510542 0.048854103 0.055844514 0.051105415 0.047154437 0.054988596 0.054254321 0.050921031 0.056975666 0.052524051 0.052801197 0.052463312 0.052378308 0.05239605 0.052249959 0.052418387 0.052750974 0.052999949 0.052565674 0.052531889 0.052793012 0.052530395 0.052462788 0.052463844 0.052499295 0.052841649 0.05276314 0.052507437 0.052677957 0.052507843 0.0524352 0.052655863 0.05262062 0.052217458 0.052945415 0.052330809 0.052658794 0.052660773 0.052515356 0.05225566 0.052759238 0.052536485 0.05267032 0.052457102 0.052350451 0.052504894 0.052573039 0.052590023 0.052417534 0.053689544 0.055177332
600.0 3000.0 2000.0 0.042584114 0.040261535 0.044242203 0.041658299 0.038998301 0.043911495 0.04376819 0.041819154 0.044759533 0.042598385 0.042805463 0.042546508 0.042485416 0.042456557 0.042376209 0.042492912 0.042794109 0.042996338 0.042638649 0.042604059 0.042832224 0.04259468 0.042518082 0.042541234 0.042579327 0.042850689 0.042777081 0.042591038 0.042719811 0.04258062 0.042535446 0.042704216 0.042676061 0.042351727 0.04293735 0.042436014 0.042699626 0.042705996 0.042578151 0.042364792 0.042783667 0.042601154 0.042743538 0.04254199 0.042444898 0.042578692 0.042632207 0.042655882 0.042505991 0.043498517 0.044679141
600.0 3000.0 100000.0 0.047356228 0.04404273 0.050388925 0.046036181 0.042467169 0.049550355 0.049003313 0.045967152 0.051502734 0.047366786 0.047606861 0.047263671 0.047244218 0.047222393 0.047120291 0.047266394 0.047582189 0.047809152 0.047417635 0.047378804 0.047627028 0.047367972 0.047297721 0.047307917 0.047350061 0.047651466 0.047570903 0.047366359 0.047506643 0.047353396 0.047296411 0.047489356 0.047456845 0.047096307 0.047732631 0.047191236 0.047484585 0.047489373 0.0473526 0.047105812 0.047579198 0.047376758 0.047520721 0.047308713 0.04720363 0.047349637 0.047409874 0.0474349 0.047268648 0.048413656 0.049773932
700.0 500.0 2000.0 1.6591193 1.5069171 1.8252149 1.6107016 1.4547335 1.7851834 1.7169026 1.568595 1.8739564 1.6563753 1.6678616 1.653663 1.6551994 1.6559003 1.6489206 1.6570445 1.6652167 1.67185 1.6608572 1.6591088 1.6673313 1.659865 1.6583643 1.6571005 1.6585591 1.6686916 1.6671737 1.6585943 1.6634269 1.6586268 1.6548596 1.663402 1.6619563 1.6492314 1.6688923 1.6536606 1.6636595 1.6637805 1.6586746 1.6515605 1.6659455 1.6592679 1.6638083 1.6573363 1.6550681 1.6590875 1.6611486 1.6609552 1.6570535 1.7045758 1.7541844
700.0 500.0 100000.0 1.8721133 1.6763317 2.0982928 1.8078822 1.6115673 2.0379918 1.9481076 1.7524985 2.1703763 1.868815 1.882047 1.8658897 1.8676494 1.8684489 1.8606545 1.869794 1.879002 1.8864673 1.8740554 1.8721525 1.8814675 1.8728871 1.8715071 1.8698447 1.87146 1.8828854 1.8811767 1.8715366 1.8769992 1.8715655 1.8673094 1.8769758 1.8752034 1.8610867 1.8828577 1.8659648 1.8772746 1.8773813 1.8716383 1.8635504 1.8799344 1.8722985 1.8774434 1.8700932 1.8675175 1.8720796 1.8744179 1.874185 1.8697316 1.924706 1.9824298
700.0 600.0 2000.0 1.2993565 1.1855212 1.4207879 1.2624415 1.1449734 1.3914951 1.343611 1.2335941 1.4567705 1.2972301 1.306149 1.2950325 1.2962984 1.2966958 1.291477 1.2976082 1.304234 1.3094549 1.3007153 1.2993789 1.3058886 1.2999048 1.2986684 1.2977301 1.2989612 1.306823 1.3055706 1.2989737 1.3027623 1.2989904 1.2961289 1.3027145 1.3016008 1.291701 1.3071483 1.2950828 1.3028588 1.3029553 1.2989789 1.2933022 1.30476 1.299488 1.3031734 1.2979678 1.2962007 1.2993373 1.3009308 1.3008418 1.2976988 1.3345683 1.3728598
700.0 600.0 100000.0 1.4695152 1.3210258 1.6386877 1.4205401 1.2708735 1.5939517 1.527637 1.3801424 1.6924271 1.4672952 1.4772359 1.4647348 1.466023 1.4665345 1.4605617 1.4675745 1.474997 1.4809945 1.4710158 1.4695436 1.4769365 1.4701786 1.4685829 1.4677374 1.4690723 1.4780224 1.4765886 1.4690711 1.4733833 1.4691158 1.4658898 1.4733432 1.4721016 1.4608253 1.4785184 1.4646807 1.4735056 1.473578 1.4691269 1.4626294 1.4756127 1.4696969 1.4739097 1.4679334 1.4659289 1.469498 1.4713135 1.4711915 1.467623 1.5104625 1.5551957
700.0 700.0 2000.0 1.062403 0.9691251 1.1620155 1.0306515 0.9346647 1.1361495 1.1006007 1.0101133 1.1938879 1.0608971 1.0675993 1.0589027 1.0600828 1.0598364 1.0563917 1.0606191 1.0667113 1.0708752 1.0635102 1.0624891 1.0679381 1.0627351 1.0616106 1.060892 1.0622171 1.0683466 1.0671405 1.0621992 1.0652375 1.0621333 1.0601304 1.0651302 1.0644249 1.0564867 1.0690021 1.0590085 1.0650777 1.0651839 1.0619399 1.0572148 1.0667935 1.0625179 1.0659255 1.0612937 1.0599238 1.0624048 1.0636574 1.0637558 1.0609873 1.0905922 1.1219216
700.0 700.0 100000.0 1.1962943 1.07553 1.3338243 1.1545981 1.0331667 1.2951971 1.2459538 1.1256269 1.3804048 1.1942474 1.2021872 1.1920187 1.1936393 1.1934027 1.1893714 1.194345 1.2010877 1.205713 1.1975655 1.1964283 1.2026047 1.1966246 1.1956205 1.1945985 1.1960676 1.2029516 1.2016004 1.1960841 1.1994726 1.1959648 1.1936769 1.1993744 1.1984572 1.1896679 1.2031823 1.1924353 1.199343 1.1994565 1.1958104 1.1904965 1.2012863 1.196436 1.200162 1.1950479 1.1934787 1.1962984 1.1977135 1.1977959 1.1946718 1.2290156 1.2654106
700.0 800.0 2000.0 0.82370763 0.7569524 0.89196619 0.80151136 0.73168271 0.87578637 0.85048206 0.78703238 0.91213104 0.82276217 0.8279889 0.82370935 0.82170225 0.82257239 0.81878453 0.82259858 0.82695778 0.83005982 0.82448314 0.82374637 0.82754429 0.82413628 0.82321526 0.82278048 0.82351634 0.82857043 0.8277186 0.82339838 0.82595985 0.82347688 0.8219058 0.8258424 0.82516218 0.81888747 0.82898921 0.82098194 0.82607488 0.82600988 0.82359111 0.82065655 0.82725081 0.82390553 0.82570746 0.82283524 0.82175918 0.82367291 0.82474123 0.82466451 0.82258893 0.84561065 0.86926261
700.0 800.0 100000.0 0.9320316 0.84304979 1.0309492 0.90190148 0.81147576 1.0045875 0.96795843 0.88040225 1.0628601 0.93097206 0.93694957 0.93230317 0.92971762 0.93086959 0.92646258 0.93090868 0.93567346 0.93922199 0.93287648 0.9320877 0.9363297 0.9325328 0.93164072 0.93103428 0.93181014 0.93761685 0.9366137 0.93172766 0.93457492 0.93176522 0.92999652 0.93446703 0.93362305 0.92655106 0.9379458 0.92889923 0.9347875 0.93466314 0.93196449 0.92879718 0.93610992 0.93227063 0.93418458 0.93104765 0.9298503 0.93195857 0.9332133 0.93310492 0.93074541 0.95761658 0.98533348
700.0 900.0 2000.0 0.63652897 0.59022409 0.68076177 0.62216658 0.57246684 0.67255961 0.65389323 0.61134991 0.69123102 0.6359156 0.64010274 0.6387547 0.63479252 0.63641289 0.63246177 0.63597679 0.63885842 0.64128159 0.63704311 0.63651896 0.63910352 0.63702143 0.6363693 0.63603058 0.63631991 0.64053564 0.6399277 0.63623587 0.63828443 0.63633202 0.63502336 0.63820345 0.63755638 0.63254227 0.64070763 0.63432165 0.63863264 0.63842212 0.63665464 0.63500745 0.63939957 0.63675568 0.63747996 0.63584091 0.63501615 0.63645913 0.63737587 0.63718395 0.63564182 0.65355431 0.67125973
700.0 900.0 100000.0 0.72425854 0.66001328 0.793224 0.70327196 0.63698665 0.77652986 0.74928172 0.68723156 0.81351174 0.72337096 0.72829802 0.72501985 0.72232311 0.72379708 0.71964155 0.7235457 0.72689349 0.72972169 0.72488962 0.72426114 0.72734762 0.72478597 0.72399349 0.72363137 0.72402677 0.7287206 0.72803426 0.72391272 0.726243 0.72405668 0.72250254 0.72617016 0.72544727 0.71978438 0.72892961 0.7217876 0.72652518 0.72635018 0.72434363 0.7220347 0.72746504 0.72449776 0.72559739 0.72346089 0.72247825 0.72422227 0.72520248 0.72501103 0.72325728 0.74429671 0.76523042
700.0 1000.0 2000.0 0.50554613 0.47178966 0.53580762 0.4958179 0.45874948 0.53188444 0.51730632 0.4872744 0.54100034 0.50509888 0.50856275 0.50799405 0.5040453 0.50586919 0.50222482 0.505409 0.50729026 0.50917102 0.50588791 0.50554547 0.50734455 0.5060085 0.50568524 0.50526172 0.50533911 0.50882877 0.5084007 0.50523292 0.50695412 0.50537823 0.50427318 0.50688039 0.50627986 0.50229162 0.50877155 0.5037582 0.50735398 0.50711411 0.505796 0.5047989 0.50791362 0.50576935 0.50584543 0.50498788 0.50432965 0.50547967 0.5062523 0.50600011 0.5048276 0.51913969 0.5327919
700.0 1000.0 100000.0 0.57679785 0.52851328 0.62707785 0.56159145 0.51111148 0.61613811 0.59489226 0.54904133 0.6403834 0.57616931 0.58019633 0.57858808 0.57512639 0.57686707 0.57301147 0.57643474 0.57879622 0.58103593 0.57722086 0.57678525 0.5790218 0.57729597 0.57680419 0.57641582 0.5765754 0.58046532 0.57997071 0.57645535 0.57839808 0.57663646 0.57532621 0.5783209 0.57768211 0.57311006 0.58060865 0.57478219 0.57873995 0.57852545 0.5769982 0.57544175 0.57943407 0.57703213 0.57750553 0.57616216 0.57537493 0.57675108 0.57757836 0.57734273 0.57598476 0.59279855 0.6091048
700.0 1100.0 2000.0 0.41038945 0.38466039 0.43225652 0.40328636 0.37454169 0.43035524 0.4189531 0.39664498 0.43489503 0.41009509 0.41294661 0.41261446 0.40910381 0.41079126 0.40766462 0.41025395 0.41174108 0.41334068 0.41059977 0.41037267 0.4117662 0.41081472 0.4104801 0.41021467 0.41018533 0.41309856 0.4127927 0.4100681 0.41155865 0.41027182 0.40930001 0.41147467 0.41100843 0.40769473 0.41318696 0.40894117 0.41189892 0.41167044 0.41065064 0.40982193 0.41231902 0.41060252 0.41057535 0.40992576 0.40938147 0.41034933 0.41097949 0.41073478 0.40979444 0.4214388 0.43226016
700.0 1100.0 100000.0 0.46863555 0.43100055 0.50691498 0.45706621 0.41732773 0.49929021 0.48237336 0.44710271 0.51618394 0.46813402 0.47149763 0.47086543 0.46720039 0.46898981 0.4654948 0.46846231 0.4701903 0.47205619 0.46890823 0.4686227 0.47034015 0.46909212 0.46865292 0.46840308 0.46843292 0.47170471 0.47130755 0.46834718 0.46995137 0.46850248 0.46741824 0.46987371 0.46932432 0.46557062 0.47177695 0.46695195 0.47029822 0.47006628 0.46889191 0.46780087 0.47082193 0.46886539 0.4690512 0.46811902 0.46749756 0.46857738 0.46929303 0.46905043 0.46795142 0.48166414 0.49465241
700.0 1200.0 2000.0 0.33927803 0.31882637 0.35603531 0.33372591 0.31062244 0.35502425 0.34595508 0.3285268 0.35751843 0.33896398 0.34141824 0.34138215 0.33819188 0.33972917 0.3369807 0.33919905 0.34036448 0.34168918 0.33942029 0.33926506 0.34037155 0.33963837 0.33936975 0.33914878 0.33910494 0.34152484 0.34127474 0.33900869 0.34024037 0.33918285 0.33836752 0.34017296 0.33974561 0.3370522 0.34155862 0.33807756 0.34054617 0.34033522 0.3395256 0.33889236 0.34090028 0.33946548 0.33934175 0.33889713 0.33846726 0.33924171 0.33977178 0.33954911 0.33877834 0.34839724 0.35718797
700.0 1200.0 100000.0 0.38631509 0.35625276 0.41631976 0.37715837 0.34517989 0.41069024 0.39716273 0.36927274 0.42314626 0.38595227 0.38872499 0.38802386 0.38510493 0.38666308 0.38373146 0.38621619 0.38756635 0.38910224 0.38651575 0.38630757 0.38767209 0.38670329 0.38649773 0.38612986 0.3861316 0.38884422 0.38851774 0.38605919 0.38740506 0.38620615 0.38528053 0.38733909 0.38690964 0.38379423 0.38888221 0.38494672 0.38770752 0.38748909 0.38654612 0.38567647 0.38813642 0.3865148 0.3865534 0.38587921 0.38537203 0.38628504 0.38686419 0.3866496 0.38574277 0.3970663 0.40761445
700.0 1300.0 2000.0 0.28383715 0.26719278 0.29710591 0.27935362 0.26039593 0.29656657 0.28921484 0.27521823 0.2979574 0.28380462 0.2857428 0.28575897 0.28288311 0.28444971 0.28210668 0.28409193 0.28474068 0.28585813 0.28389306 0.28387537 0.28453114 0.28416947 0.2841682 0.2838023 0.28366688 0.28577583 0.28562047 0.28349863 0.28469032 0.28377948 0.28310924 0.28457863 0.284194 0.28197554 0.285865 0.28287115 0.28497808 0.28475409 0.2841857 0.28370973 0.28524117 0.28405467 0.28343189 0.28350233 0.28315358 0.28381839 0.28427538 0.28403673 0.2834065 0.29146669 0.29872509
700.0 1300.0 100000.0 0.32308791 0.29842061 0.34741621 0.31553123 0.2891784 0.34293847 0.33202479 0.30927833 0.35282884 0.32276226 0.32512253 0.32469198 0.32205665 0.32328348 0.32090875 0.32295798 0.32412027 0.32545322 0.32322924 0.32307372 0.32423703 0.32342588 0.32313922 0.32293957 0.32293013 0.32521055 0.32493965 0.32286428 0.32400852 0.32300871 0.32221343 0.32394262 0.32358883 0.32097486 0.32530148 0.32194354 0.32425362 0.32405229 0.32329525 0.32255236 0.3246232 0.32326943 0.32330303 0.32272529 0.32231021 0.32305837 0.32354895 0.3233686 0.32259797 0.33206075 0.34077267
700.0 1400.0 2000.0 0.24012282 0.22623176 0.25104187 0.2363892 0.22049344 0.25071902 0.24458947 0.23299992 0.25158417 0.24002396 0.24168206 0.24185911 0.23931531 0.24055399 0.23848608 0.24007464 0.2408921 0.24185125 0.24017733 0.2401039 0.24085221 0.24040959 0.24010263 0.24005327 0.24000095 0.24175877 0.24156004 0.23992885 0.24082419 0.24005958 0.23948826 0.24075113 0.24051039 0.23852092 0.24190344 0.23925484 0.24104541 0.24086662 0.24032488 0.23993747 0.24129276 0.24027327 0.24010985 0.23985735 0.23957482 0.24008591 0.24047861 0.24031558 0.23975282 0.24656956 0.25262923
700.0 1400.0 100000.0 0.27315647 0.25250918 0.29338993 0.26680685 0.24469026 0.28971284 0.28065801 0.26169098 0.29782368 0.27288376 0.27488208 0.27452859 0.27228247 0.27347673 0.27132455 0.27314178 0.27403169 0.27513558 0.27326129 0.27316629 0.27408115 0.27344302 0.27319122 0.27304574 0.27302307 0.27495896 0.27472626 0.27294649 0.273949 0.27309076 0.27243311 0.27387667 0.27357777 0.27139864 0.27496407 0.27219882 0.27416419 0.27397411 0.27337237 0.27275444 0.27447631 0.27333441 0.27320863 0.27284253 0.27250609 0.27314229 0.27355319 0.27338684 0.27273389 0.2807417 0.28802658
700.0 1500.0 2000.0 0.20414055 0.19250821 0.21313775 0.20095124 0.18758687 0.21289354 0.20794638 0.19830751 0.21354748 0.20398681 0.20545229 0.20562201 0.20345892 0.20445549 0.20273989 0.20404751 0.2047935 0.2056267 0.20418664 0.20412851 0.20480836 0.2043717 0.20412536 0.20407009 0.20403855 0.20551663 0.20533159 0.20400134 0.20473444 0.2040895 0.20360367 0.20467491 0.20445913 0.20280263 0.20560825 0.20340092 0.20491195 0.20475693 0.20429734 0.20394681 0.20513775 0.20427326 0.20420667 0.20391604 0.20368073 0.20411318 0.20444157 0.20431239 0.20381607 0.2096092 0.21472793
700.0 1500.0 100000.0 0.23202353 0.21468563 0.24888729 0.22658804 0.207977 0.24576437 0.2384462 0.22256726 0.25265056 0.23184899 0.23350992 0.23334576 0.2312627 0.23233709 0.23047578 0.23199398 0.23277807 0.2337251 0.23210014 0.23202378 0.23282031 0.23226988 0.23207491 0.23192598 0.23191341 0.23356869 0.23334842 0.23187518 0.23269879 0.23196761 0.23142116 0.23263574 0.23239596 0.23052229 0.23363832 0.23119109 0.23288328 0.23271502 0.23219602 0.231727 0.23316475 0.23217198 0.23210384 0.23176638 0.23148956 0.23199591 0.23235895 0.23222984 0.23165081 0.23845601 0.24459603
700.0 1600.0 2000.0 0.17487795 0.16499127 0.18245933 0.17211723 0.160732 0.18224677 0.17816967 0.17001063 0.18280812 0.17475171 0.17600097 0.17583125 0.17429981 0.17518424 0.17372507 0.17489233 0.17543985 0.17612489 0.17492744 0.1748901 0.17543576 0.1750645 0.17500111 0.17481402 0.17479769 0.17604148 0.17588479 0.17475429 0.17539268 0.17483743 0.17442651 0.17533385 0.17515193 0.17376317 0.17603957 0.17425909 0.17553768 0.17539726 0.17502825 0.17470443 0.17574425 0.1750044 0.17487385 0.17467953 0.17447992 0.17485881 0.17513746 0.17502567 0.17459259 0.17957224 0.18392418
700.0 1600.0 100000.0 0.19852175 0.1838031 0.21276379 0.19390392 0.17806608 0.21017122 0.20397408 0.19054176 0.21588146 0.19835858 0.1997886 0.19957889 0.19787096 0.19875961 0.1972025 0.19845515 0.19917274 0.20000121 0.1985849 0.19852308 0.19922216 0.19873385 0.19854195 0.19843325 0.19843417 0.19983912 0.19964713 0.19839286 0.19910224 0.19847816 0.19800618 0.19904418 0.19885313 0.19724245 0.19995019 0.19780949 0.19924078 0.19910149 0.19865874 0.19821718 0.19949244 0.19865054 0.1986464 0.19830047 0.19806582 0.19850181 0.1988063 0.19870119 0.19819679 0.20402238 0.20923727
700.0 1700.0 2000.0 0.15092723 0.14241221 0.15744189 0.14846473 0.13865965 0.15717714 0.15386491 0.14683828 0.15783933 0.15083266 0.15189272 0.15181511 0.15043054 0.1511519 0.14992822 0.1509142 0.15143001 0.15202652 0.15096863 0.15093304 0.15142864 0.15108871 0.15097337 0.15086527 0.15085963 0.15192939 0.15178411 0.15082339 0.15137697 0.15089286 0.15054186 0.15132032 0.15118434 0.14996454 0.15199304 0.15039318 0.15148664 0.15136929 0.15104432 0.1507494 0.15167475 0.15103354 0.15093972 0.15075966 0.15058343 0.15091266 0.15114637 0.1510632 0.1506773 0.15495921 0.15870879
700.0 1700.0 100000.0 0.17075399 0.15818381 0.18285926 0.16672418 0.15318449 0.18058528 0.1755161 0.16406123 0.18559547 0.17063293 0.17183859 0.17134794 0.17019783 0.17090407 0.16962484 0.17071714 0.17132455 0.17203984 0.1708232 0.17075948 0.17136364 0.17092955 0.17075603 0.17065954 0.17068483 0.1718677 0.17169234 0.17065966 0.17125647 0.17071812 0.17030632 0.17119694 0.17105749 0.16966179 0.17196449 0.17014365 0.17135133 0.17123739 0.17085616 0.17043156 0.17158866 0.17086192 0.17083435 0.17056575 0.17035638 0.17073876 0.17099331 0.17091687 0.17046792 0.17548215 0.17994735
700.0 1800.0 2000.0 0.1307367 0.12338785 0.13633621 0.12856802 0.12009659 0.13608121 0.13332327 0.12727128 0.13670816 0.13062547 0.13156253 0.1313673 0.13031232 0.13083017 0.12988741 0.13066856 0.13117137 0.13171149 0.13078201 0.13074764 0.13118569 0.13087056 0.13076069 0.13067201 0.13068287 0.1315963 0.13146032 0.13065839 0.13112296 0.13071149 0.13040968 0.13108085 0.13095787 0.12991983 0.13164114 0.13027809 0.13120686 0.13110971 0.13083114 0.13052781 0.13139308 0.13082843 0.13073988 0.13059023 0.13044294 0.13072345 0.1309237 0.13085736 0.13051551 0.13422987 0.13745996
700.0 1800.0 100000.0 0.14781474 0.13697385 0.15822831 0.14427065 0.13258853 0.15621002 0.15200741 0.1421348 0.16065935 0.14769734 0.14875188 0.14839174 0.14733537 0.14797668 0.14686517 0.14779664 0.14831511 0.14893592 0.14787026 0.14783145 0.14834632 0.14796388 0.14784417 0.14774254 0.14775904 0.14878279 0.14863246 0.14772267 0.148256 0.14778917 0.14744886 0.14820286 0.14806896 0.1468883 0.1488655 0.14729429 0.14833339 0.14823573 0.14791999 0.14752601 0.14854619 0.14791964 0.14788322 0.14765011 0.14746978 0.1478034 0.14802355 0.14795549 0.14756375 0.15189792 0.15574694
700.0 1900.0 2000.0 0.1136196 0.10727351 0.11842056 0.11167864 0.10435726 0.11814487 0.11593763 0.11071857 0.11881058 0.11357039 0.11434906 0.11413974 0.11324595 0.1137384 0.11290546 0.11355767 0.11400833 0.11450744 0.11365582 0.11362528 0.1140171 0.11374119 0.11362495 0.11356289 0.11357384 0.11436865 0.1142523 0.11354954 0.11396254 0.1136041 0.11333651 0.11391663 0.11382864 0.11289975 0.11451324 0.11322138 0.1140158 0.11393795 0.11369258 0.11339667 0.11418299 0.11369985 0.11368597 0.11349337 0.11335768 0.11361173 0.11377934 0.11373039 0.11342552 0.1166492 0.11944781
700.0 1900.0 100000.0 0.12818202 0.11886054 0.13708424 0.12508549 0.11502473 0.13532772 0.1318451 0.123376 0.1391979 0.12810705 0.12899503 0.12863569 0.12776957 0.12828447 0.12736219 0.12815103 0.12861805 0.12918105 0.12823161 0.12819439 0.12866055 0.12831637 0.12816943 0.12811565 0.12813525 0.12902725 0.12888539 0.12811177 0.12856445 0.12816227 0.12786921 0.12852118 0.1284195 0.1273769 0.12914155 0.12773011 0.12862553 0.12854058 0.12826393 0.12791409 0.1288215 0.12827213 0.12828632 0.12803735 0.12788587 0.12817451 0.12836177 0.12830641 0.12796076 0.13172199 0.13504091
700.0 2000.0 2000.0 0.099221144 0.093708947 0.10336583 0.097514579 0.091143401 0.10312582 0.10126526 0.096745727 0.10371171 0.099207827 0.099865393 0.099669083 0.098895905 0.099258413 0.098612296 0.099191251 0.099575699 0.1000154 0.099250948 0.099231299 0.099573039 0.099327645 0.099183015 0.099179354 0.099178081 0.099883089 0.099780498 0.099146803 0.099527793 0.099210269 0.098986139 0.099483598 0.099409164 0.098596316 0.10005041 0.098875826 0.099571166 0.09950631 0.099293565 0.099006305 0.099716265 0.099292724 0.099272024 0.099110224 0.098981253 0.099216676 0.099362009 0.099320529 0.099049471 0.10186068 0.10430109
700.0 2000.0 100000.0 0.11178941 0.10370073 0.11948752 0.10906342 0.1003248 0.11793977 0.11502099 0.10768143 0.12135679 0.11174109 0.11250495 0.11212696 0.1114252 0.11178205 0.11109624 0.11176454 0.11217997 0.11267065 0.11183359 0.11180823 0.11220552 0.11189995 0.11180468 0.11173447 0.11175023 0.11253483 0.11240199 0.1117378 0.11213065 0.11177227 0.11152553 0.11208687 0.11199484 0.11109345 0.11261605 0.11138946 0.11218016 0.11210538 0.11186718 0.11150015 0.11235519 0.11187416 0.11183254 0.11166547 0.11152726 0.11177901 0.11194694 0.11190314 0.11158935 0.11487122 0.11776098
700.0 2100.0 2000.0 0.087081859 0.082243951 0.090719628 0.085541928 0.07995301 0.090464206 0.088925957 0.084956673 0.091075046 0.087057422 0.087636688 0.087415469 0.086801183 0.087157075 0.08654186 0.087056549 0.087389863 0.087773272 0.087116308 0.087093345 0.087390869 0.087174222 0.087060501 0.087039852 0.087051079 0.087658641 0.087562277 0.087028845 0.087351335 0.087073174 0.086881907 0.087309976 0.087252018 0.086540278 0.087772323 0.086778515 0.087384662 0.087324873 0.087144173 0.086891708 0.087518939 0.08715046 0.087120246 0.086984406 0.086879033 0.087077248 0.087203732 0.08717022 0.086927533 0.089405098 0.09152928
700.0 2100.0 100000.0 0.09788498 0.090838801 0.10456686 0.095438341 0.08782668 0.10314894 0.10079732 0.094401142 0.10629195 0.097814555 0.09849643 0.0982021 0.097572669 0.097908 0.097266935 0.097801767 0.098239117 0.098682045 0.097933314 0.0978998 0.098297201 0.097974388 0.097858187 0.097828513 0.097854769 0.098527495 0.098402267 0.097852558 0.09818254 0.097871814 0.097656586 0.098148426 0.098067604 0.097280462 0.098626272 0.097530886 0.098211743 0.09815367 0.097936309 0.097623953 0.098375707 0.097952259 0.098024724 0.097779231 0.097645712 0.097873809 0.098016997 0.097995159 0.097707431 0.10057581 0.10311355
700.0 2200.0 2000.0 0.076718083 0.072458654 0.07991854 0.075318981 0.070401588 0.079647191 0.078399146 0.074900087 0.080293267 0.076675712 0.077195601 0.076948154 0.076476246 0.076756872 0.076241346 0.07666785 0.07699605 0.077342761 0.076757909 0.076730771 0.077024004 0.07679061 0.076703722 0.076672422 0.076696728 0.077219746 0.077122907 0.076690467 0.076953996 0.076709997 0.076544861 0.076920372 0.076871811 0.076245289 0.077309382 0.076444893 0.076972041 0.076926084 0.076758894 0.076513947 0.077100843 0.076774882 0.076806249 0.076634088 0.076534407 0.076712225 0.076821475 0.076803145 0.076578661 0.078758902 0.080642112
700.0 2200.0 100000.0 0.086023821 0.079865434 0.091841248 0.083875643 0.077212238 0.090610027 0.088575399 0.082999621 0.093331482 0.085977547 0.086565469 0.086235539 0.08574994 0.086043034 0.085494356 0.085970709 0.086329432 0.086733465 0.086066797 0.086038562 0.086369131 0.086107653 0.086006761 0.085973023 0.085997642 0.086586878 0.08648079 0.085988363 0.086286228 0.086016851 0.085825889 0.086253136 0.086195262 0.085493461 0.086701497 0.085719884 0.086305968 0.086256505 0.086070914 0.085769761 0.086455841 0.086086989 0.086126324 0.085927609 0.08581804 0.086019701 0.086140479 0.086115814 0.085868491 0.088393081 0.090597969
700.0 2300.0 2000.0 0.06763639 0.063911846 0.070408543 0.066398051 0.062087666 0.070173986 0.06912688 0.066079587 0.070735817 0.067628072 0.068065445 0.067836215 0.067421186 0.067670296 0.067231321 0.067605945 0.067885674 0.068202523 0.067670926 0.067649504 0.067907807 0.067702474 0.067618253 0.067599818 0.067616653 0.068086548 0.067998223 0.067612059 0.067848229 0.067631841 0.067489102 0.067817258 0.067776085 0.067218037 0.068188705 0.067395081 0.067862069 0.067821174 0.06767753 0.067451629 0.067979897 0.067688617 0.067710632 0.067561975 0.067470746 0.067629696 0.067727558 0.067713786 0.067510869 0.069436572 0.071090502
700.0 2300.0 100000.0 0.075894789 0.070482687 0.080993124 0.073966134 0.068109214 0.079873867 0.078195538 0.073295172 0.082358793 0.075863765 0.076370224 0.076032549 0.075656998 0.075877062 0.075441407 0.075843622 0.076174026 0.076528836 0.075939533 0.075915653 0.076211067 0.075963783 0.075885261 0.075852085 0.075872108 0.076392881 0.076292811 0.075866708 0.076131165 0.07588927 0.075732939 0.076100763 0.076045634 0.075436663 0.076483232 0.075629913 0.076145302 0.076101415 0.075943107 0.075662127 0.07628021 0.075953146 0.075964324 0.075809814 0.075702456 0.075891645 0.075997166 0.075981916 0.075754481 0.077982769 0.079934122
700.0 2400.0 2000.0 0.059899173 0.056612867 0.062334585 0.058787789 0.0549811 0.062115372 0.061237743 0.058553358 0.062638657 0.059869683 0.06027306 0.059990775 0.059711028 0.059908474 0.059544631 0.059869418 0.060119292 0.060405828 0.0599364 0.059915696 0.060154258 0.059951741 0.059899158 0.059862013 0.059885112 0.060292203 0.060209488 0.059886907 0.060085564 0.059895789 0.059771935 0.060060303 0.060016114 0.059535564 0.060352296 0.059684139 0.060093394 0.060059257 0.059932699 0.059718 0.060204834 0.059946066 0.059973636 0.059833165 0.059750916 0.059893061 0.059978474 0.059969855 0.059784954 0.061494302 0.062959712
700.0 2400.0 100000.0 0.066977715 0.062245523 0.071406045 0.065266755 0.060136678 0.070418404 0.069019398 0.064745469 0.072611244 0.066952759 0.067399055 0.067097637 0.066765357 0.066973233 0.066574825 0.066927826 0.067227523 0.067552545 0.067018981 0.066993884 0.067266814 0.067038164 0.066946183 0.066938576 0.06696081 0.067421748 0.067327067 0.066964659 0.067187349 0.066973783 0.066834964 0.067158719 0.067113094 0.066565828 0.067511064 0.066733675 0.067196002 0.067159401 0.067015952 0.066768172 0.067321502 0.06702768 0.067062416 0.06690567 0.066808453 0.066969315 0.067065706 0.067058411 0.066850054 0.068818289 0.070536402
700.0 2500.0 2000.0 0.053384715 0.050444003 0.055574307 0.052352631 0.048954646 0.055328848 0.054634797 0.0522217 0.05591393 0.053356765 0.053713811 0.053466668 0.053221433 0.053362367 0.053075935 0.053333886 0.053590675 0.053855997 0.053420053 0.053402193 0.053628127 0.053428098 0.053355959 0.053352157 0.053372497 0.053733461 0.053658745 0.05337073 0.053553267 0.053383921 0.053279455 0.053531094 0.053487754 0.053068403 0.053814326 0.053195484 0.053552575 0.053528601 0.053411696 0.053189822 0.053657226 0.053426518 0.053485968 0.053326081 0.053243674 0.053382905 0.053455051 0.053450032 0.053282657 0.054798254 0.056111966
700.0 2500.0 100000.0 0.059426163 0.055252778 0.063314475 0.05789935 0.05336961 0.062435214 0.061252177 0.057488926 0.064391919 0.059416078 0.059800474 0.059474516 0.059239658 0.059398908 0.059069627 0.059370275 0.059650597 0.059950277 0.059463844 0.059439943 0.05969225 0.0594816 0.059371495 0.059391104 0.059411059 0.059821843 0.059735738 0.059413387 0.059613483 0.059424904 0.059303113 0.05958875 0.05955154 0.059060536 0.059930283 0.059211895 0.059615046 0.059585147 0.059457429 0.059216841 0.059730387 0.059470434 0.059526062 0.059361197 0.059272202 0.059420582 0.059503243 0.059499814 0.059312281 0.06106041 0.062580019
700.0 2600.0 2000.0 0.047504375 0.044906633 0.04942207 0.046581071 0.043573238 0.049204116 0.048624618 0.046500121 0.049725723 0.047473574 0.047793213 0.047559235 0.047360063 0.047462321 0.047227389 0.047436586 0.047690653 0.047937658 0.047539828 0.047518927 0.047738263 0.047541568 0.047461343 0.047473016 0.047495437 0.047816408 0.047742622 0.04750238 0.047653051 0.047504162 0.047411919 0.047637583 0.047596312 0.047221087 0.047889315 0.047332005 0.047649993 0.047630712 0.047523208 0.047314995 0.047747286 0.047538825 0.047619217 0.047453404 0.047375914 0.047499643 0.047564432 0.047567028 0.047411488 0.048759113 0.049934278
700.0 2600.0 100000.0 0.053045665 0.049318179 0.056520027 0.051645861 0.047605463 0.055691661 0.054727418 0.051358648 0.05754301 0.053034451 0.053372531 0.053029076 0.052885959 0.053004898 0.052737231 0.053005819 0.053255118 0.053516982 0.053089675 0.053063384 0.053295403 0.053087688 0.053020338 0.053007605 0.053034521 0.053390261 0.053308359 0.053040072 0.053213771 0.0530435 0.052938269 0.053191404 0.053163887 0.052728182 0.05347386 0.052856091 0.053207254 0.053185165 0.053066696 0.052835345 0.053314978 0.053082739 0.053141117 0.052987416 0.052898738 0.053042747 0.053112145 0.053116442 0.052941714 0.05449964 0.055868547
700.0 2700.0 2000.0 0.042576398 0.040241284 0.044306209 0.041712273 0.039015446 0.044066602 0.043630787 0.041711837 0.044639192 0.042576491 0.042839641 0.042611055 0.04244749 0.042532403 0.042341874 0.042528029 0.042751827 0.042974096 0.042609747 0.042592985 0.042780115 0.042608839 0.042536493 0.042549509 0.042567871 0.042857489 0.042791149 0.042571032 0.042715087 0.042576833 0.042499364 0.042694806 0.042665906 0.042323347 0.042945843 0.042422676 0.042706852 0.042692039 0.042595064 0.042400771 0.042793209 0.042608365 0.042665108 0.042530563 0.042453926 0.042573695 0.042630582 0.04263527 0.042490823 0.04369889 0.044757602
700.0 2700.0 100000.0 0.047274596 0.043981006 0.050325228 0.04603308 0.042454806 0.049602072 0.048765351 0.045798852 0.051217336 0.047285286 0.047572159 0.047267565 0.047129337 0.047235958 0.04700667 0.047239435 0.047459265 0.047710292 0.047310469 0.047288883 0.047494948 0.047317606 0.047231627 0.047244076 0.04726387 0.047587469 0.047515463 0.047265621 0.047425625 0.047275529 0.047183205 0.04740533 0.047382561 0.046988325 0.047694641 0.047107282 0.04741879 0.047399658 0.047296618 0.047082655 0.047516569 0.047309479 0.047361718 0.047222266 0.047144452 0.047273225 0.04733459 0.047336534 0.04718227 0.048571041 0.049782645
700.0 2800.0 2000.0 0.038107539 0.036032062 0.03963234 0.037327571 0.034926565 0.039414526 0.039061424 0.037360338 0.039936976 0.038116275 0.038345533 0.038096299 0.037992417 0.038061127 0.037904976 0.038066095 0.038266734 0.038468084 0.038138753 0.038124972 0.038295432 0.038134971 0.038077461 0.038084086 0.038100002 0.038360145 0.038299942 0.038102697 0.038233442 0.038109426 0.03804059 0.038214687 0.03818936 0.037882662 0.038438819 0.037970341 0.038223021 0.038211568 0.038126199 0.037936637 0.038304671 0.038136779 0.038190376 0.03806653 0.037993459 0.038104483 0.038155525 0.038161088 0.03802997 0.039111728 0.040057867
